578	
	240.8941462	240.7376728	240.2900239	242.487498	248.3444582
	240.4084372	245.0622642	241.3921183	248.2312781	253.8105063
	240.3052466	239.7165442	243.0536679	254.073436	248.6308467
	243.9097658	248.286947	248.0735704	257.7745035	259.187881
	257.8529528	247.8113609	250.7191655	240.7510823	243.8903505
	243.9752364	249.8611372	248.8397081	247.0082809	250.7753821
	248.2686434	253.6231604	254.0165945	248.8153634	249.2726137
	246.7166759	246.7710692	247.4592712	249.0570312	248.429203
	248.5860099	247.6899666	250.5584962	248.3807014	248.8434068
	249.5920856	249.1163712	248.448967	248.0421172	250.4941191
	250.9546379	247.0459528	246.5077543	248.0644171	251.6241292
	247.2577422	248.6601594	247.4914352	247.8777538	248.8440624
	246.9514836	248.3166585	246.5207528	250.8352872	245.1786684
	244.7635695	247.7290803	249.5186106	244.6093858	245.4627008
	245.1734747	245.3354732	245.5887003	245.0775782	246.150729
	248.3142237	247.1277283	243.7326888	243.659651	244.9036717
	245.372968	241.3891342	242.7376414	241.498539	241.4084612
	241.8002571	243.7291308	244.2936796	240.9470388	241.4674853
	241.1405068	241.7924954	240.6197499	236.2119091	237.0008528
	236.6008333	236.118969	236.9933096	237.501937	240.0295477
	238.3853719	239.2938894	234.8308559	237.0933615	236.4909605
	235.919366	232.0358988	231.6747984	231.8219433	231.6568026
	232.4083181	232.2979314	232.085164	235.3449438	230.8010741
	231.5382982	231.0643589	227.6929183	227.5377481	224.4558882
	226.8210913	226.815987	226.6337234	227.1951293	221.0451966
	226.3677776	227.2173726	228.0984891	225.3982524	225.5484659
	220.6492515	221.3284455	221.0978681	220.7495271	221.8796931
	214.6605293	220.8069075	220.0973183	222.7309498	220.0041388
	220.0919888	215.6764505	216.5074597	215.5879032	214.6947948
	214.0810951	207.7241182	214.707815	213.4859817	217.1324007
	214.2467799	211.8550114	210.3345947	208.2200582	208.2087003
	208.8160517	207.6249154	207.1701473	201.2686108	200.9462747
	206.6897838	208.2352235	207.9707312	205.5900674	203.5965352
	201.6717963	202.567341	201.0875894	201.1971912	201.3014622
	194.6416777	194.6559606	201.6068925	201.6742488	199.1328559
	196.800535	196.4418571	195.9386544	194.4433502	194.1673031
	194.933164	188.1119477	188.3339396	193.1468337	195.294923
	192.6708312	188.4955284	191.6179156	191.2747365	188.225956
	189.5587025	188.1811812	188.5345741	181.4348755	182.0254436
	182.4482737	184.3357084	188.8739895	185.1352082	186.6615025
	182.6081053	182.3206322	182.4023517	182.2233019	179.4782208
	176.1722233	176.2498214	176.9545994	175.8630221	180.2423744
	179.7108829	177.8351737	178.287758	177.510756	172.9983151
	170.1181166	174.7186338	175.2552982	170.5317941	170.341841
	169.4921986	174.2871984	173.1376087	173.8158074	172.3307684
	169.2564771	164.5776322	169.7412628	170.3165587	165.1350442
	164.295309	164.4520371	164.9986671	168.134417	167.4163184
	168.6429007	165.0167593	159.9895331	160.2100855	164.9333058
	163.5995664	158.769356	158.7618226	160.8635924	159.9772499
	159.7116111	162.736847	162.2126781	158.1669011	155.5835103
	155.5184184	159.4151563	159.2948515	153.971299	153.6915399
	153.8145359	154.2671417	155.3206822	154.5879957	157.245972
	157.549681	150.505791	150.7344031	150.8148117	153.9171703
	149.0104382	149.7743908	149.1187684	150.7052325	150.6433487
	149.81008	152.6740672	146.1382036	146.0109413	146.9549719
	147.6482663	146.1750022	144.5512368	144.4075846	144.6898507
	144.884988	146.0876377	147.9660209	141.6569052	141.6261473
	141.5850734	142.6404054	141.8972523	140.7735036	140.5087416
	140.4683125	140.2116118	141.4419361	141.1081075	136.8775236
	136.9120845	137.0511836	136.1645638	137.8529719	138.2304479
	136.7654198	135.6790979	136.3715655	136.479888	136.6248973
	131.6626544	131.7123291	132.6112936	132.2662548	131.9891614
	132.094197	134.5806293	132.2491371	132.1802344	132.1689181
	131.6459604	126.5302782	126.7628144	126.8537068	127.0458287
	126.7939365	128.116087	128.978232	127.677647	127.9435435
	127.0459435	126.6364255	122.3509794	121.5200239	121.4677253
	121.4690003	121.351597	123.9115918	121.7723279	122.479052
	121.850302	122.2549645	116.3824976	121.4136765	118.04533
	115.9357977	117.0374444	115.4289417	115.8722522	116.7734826
	117.01414	117.0805646	117.0482719	111.8360884	113.2025141
	113.5993226	107.9053403	110.1533489	109.641	110.3137092
	108.5098568	111.0046474	111.2210442	110.9914808	110.5999267
	107.1414882	104.5726209	104.0550226	100.8346331	104.4054256
	104.4826459	104.4057514	100.2348099	105.1336994	103.29561
	104.9458772	105.0499397	98.78573597	95.61516014	96.12441296
	98.3610142	97.25581047	97.76840611	91.47551073	92.63259279
	98.94949022	98.13452933	98.99888089	99.05843007	92.81519696
	89.69041018	92.90741552	92.46169454	92.63474474	92.45386116
	86.70279432	86.65952876	92.77726468	94.04348344	92.86495087
	86.76814448	86.7971812	83.7329706	86.57264363	86.76767046
	86.60709643	80.68963292	78.35425058	81.91529954	87.3903778
	85.59819668	86.77398306	80.78221405	80.71483894	77.74788457
	80.21838645	81.22084564	78.03139891	74.83416694	72.45072446
	73.73199179	80.84375413	80.82700965	80.83338779	74.83889166
	74.78030743	71.83827662	74.85955387	74.38805658	69.03529796
	65.46875151	69.38466268	69.19082166	74.9333269	74.89050622
	75.08370243	68.97636089	66.57958298	63.09001885	69.43593341
	60.91225739	63.39060901	63.25775871	63.84691043	69.76482167
	67.95013575	69.28071742	63.20340214	59.77675533	57.50497882
	63.69396515	57.544427	56.39307126	57.22438529	57.51151948
	56.83266224	63.53302266	63.39769376	63.32667095	58.35275902
	57.56266723	54.10149058	51.85995957	51.87024698	51.84525835
	51.85998351	52.12158461	51.85423244	57.65758836	57.57889731
	51.67714146	53.53558482	49.52195899	46.09629502	46.10984945
	43.8389701	46.56800714	46.72845465	44.98234472	50.86654055
	51.30673874	46.0713214	45.96901382	46.0738703	42.6806688
	40.43216971	40.44634852	39.30415217	38.21566575	40.37522054
	39.67188695	46.07985986	40.96369422	40.40108669	40.38222223
	37.03043015	34.78923564	34.59515602	35.19397237	35.01389245
	34.79351331	31.46127097	29.08331651	35.16379725	40.57267798
	35.62823233	34.72891333	34.83610913	32.45733449	31.02218921
	30.24884105	26.75321237	29.57717883	24.96006725	26.071627
	29.26474093	35.00403683	28.82716351	24.88612548	29.0863248
	29.03310488	25.51525281	20.80574709	25.41473689	22.82888633
	22.0471923	19.82102059	18.85512702	23.59091407	28.21279115
	24.2560957	24.51054917	18.06415337	22.87178731	21.34328288
	15.64490427	20.08644074	17.87010013	17.10980043	14.67316582
	13.70952244	11.53923926	17.9577131	23.73823641	12.58771918
	19.39380647	16.760595	15.96124522	10.46079489	13.27522832
	4.910205575	7.860144111	10.75381105	11.92949654	9.460546809
	8.462071535	4.204648606	11.32538084	17.50208295	9.461140026
	14.06387698	-0.0001479503635	7.608000032	4.370449278	-0.0001853746814
	4.429059306	4.452119591	4.202528962	3.936110373	-0.0002708358087
	5.66228572	4.335113886	10.7892267	7.710670257	0.0005497154831
	0.002403480429	0.0004682704254	-0.0005646235305	-3.052474529e-05	0.02706100087
	0.005152964287	5.684030969	0.0147109733	
