2189	
	7.876343782e-29	1.203954777e-29	5.929268832e-29	-1.05266815e-32	-0.515953919
	0.1558086608	4.512391316e-29	-1.623109488	-3.045931734	1.200892591e-29
	5.918575358e-29	-1.3806563e-32	7.868944023e-29	0.3683368306	9.41026137e-29
	-0.8266997426	-1.196611309	6.236978218e-29	0.4273437879	-0.07099712634
	1.160410276	-6.527290837e-32	1.535446417e-31	-2.127095486	-1.750949968
	-1.941689946	-4.358131587	-2.989218844	-3.885375728	-4.573749827
	-2.670174884	6.235780504e-29	0.3852700175	-0.05248878771	9.407568697e-29
	4.50685814e-29	-0.5575283532	0.2223935842	-1.533132829	-6.313864104e-32
	1.750288529e-31	-2.058636361	-0.2786297707	0.4124345898	-0.8711233039
	-3.115926946	0.3483189079	7.464623552e-29	1.042904539e-28	0.159536627
	0.4977837844	1.042325444e-28	7.469073905e-29	0.4499995262	1.124062742
	1.802403436	0.8056249969	0.8125920324	0.4187250443	-1.320152101
	-1.43366681	1.467500749	-4.732918464	6.137495178e-31	-2.046975564e-31
	-6.32015348	-5.017501669	-3.294939138	-1.624627127	0.5441353575
	0.6283688716	0.8796551023	0.4886954861	-1.735033005	-4.63281522
	-4.353657904	-3.994378977	5.253133739e-31	-4.26068138	-2.037183465e-31
	-2.874348877	-1.850545752	0.9674454573	-3.438322991	1.095330992e-28
	0.3994734725	0.6207822798	8.209455962e-29	8.207359299e-29	1.095161598e-28
	0.1459018663	0.1003065006	0.06558479646	8.45622163e-29	-0.003117095497
	1.406861913	1.358137268	0.6558440922	0.6183883579	0.4202793491
	1.448686924	0.9357066526	2.515758489	2.105304059	2.15141414
	1.708808256	2.180864227	2.25158506	1.08640478	0.544199596
	0.2942377488	-2.464220391	-5.919142066	2.824857213e-31	-2.679930531e-31
	-6.744543654	-2.625649223	-7.736509415	-6.377237873	1.495628235
	1.49296131	1.428000163	1.741459711	7.75293443e-31	-3.187168483e-31
	-6.497002017	-5.627291214	-7.797229324	0.1689338747	-2.240959511
	-5.540572488	1.478839846	-1.494994249	-4.312468475	-2.032260287
	0.6651332903	0.9553971477	1.068812792	0.9272292644	1.179219376
	0.6338356054	0.482142401	1.645286879	1.963822355	1.683206257
	2.327489914	2.040515479	1.987332514	2.439608415	1.566312328
	2.883193127	2.595573315	2.930488237	2.948950852	2.575473708
	2.579582885	1.656918697	2.405862911	-6.696333735	-0.7843783706
	-3.605661413	0.07803496042	2.224160488	-2.929834705e-31	1.835894933e-31
	-6.525458389	-7.423561411	-8.806183669	-3.457494157	-7.237661845
	-3.293331241e-31	-6.537457196	1.552150744e-31	-8.937089406	-6.66887636
	-8.004229459	-4.518811121	2.778437492	2.28280132	1.379805827
	2.542496219	-2.206508092	-0.1945169331	1.604697242	1.68562213
	-3.66904269	-4.140707753	0.8342356799	2.818377693	2.75674527
	2.578890912	1.709217291	3.040510827	2.685017989	2.724505532
	3.083412032	1.93613644	3.605840016	3.146431717	3.119472506
	3.311135903	3.312590121	3.387269148	3.789774028	3.517361284
	3.575391539	3.803053038	3.401118412	-3.205843691	-1.832009393
	0.7798968468	-3.961345502	-0.9915665501	1.795157399	-2.552061494
	-1.367889678	-3.511218272e-31	4.040558258e-31	-8.740109893	-5.721043145
	-5.702342766	-2.91774139	-9.126649504	-3.472223089e-31	-9.001594168
	4.141134554e-31	-6.033474128	-2.988827091	-9.056191433	-5.999071995
	1.88105168	2.983761661	2.963163343	2.547070156	0.9476553743
	1.706403753	2.845174977	3.515476636	2.679019955	3.922168663
	3.407145016	3.425915771	3.80853314	3.353217727	3.77130285
	3.419730951	1.53992905	3.790963995	3.50086816	4.183078839
	3.967832464	4.312250599	3.720364221	4.245143365	4.179658246
	4.193824426	4.079256354	3.852728939	-0.9366122802	0.2676186415
	-0.8198232297	-2.864438726	-1.025176415	-1.048259599	1.498299417
	-3.115549897	-3.194944961	4.078622577e-31	-5.928003028	-3.935630305e-31
	-9.300881513	-9.486580509	-5.861185179	-4.245459806e-31	-9.556566744
	3.918301652e-31	-3.103320496	-9.873914171	-5.780943138	-5.587797091
	1.304068646	0.4283028831	2.512742327	1.593986059	2.559448109
	3.827115387	4.41008081	4.083211887	4.215253067	3.709458479
	3.243063265	3.555648263	4.149744605	4.075268356	3.784017787
	3.41429256	3.37567527	4.445480011	4.118230832	4.492335407
	4.284796709	5.017599444	4.41353006	4.302898664	4.564791098
	4.51986748	1.354273873	-0.7393450385	-3.263913246	-0.7962524593
	1.264724892	1.168987396	1.017501774	-0.7724779742	-0.464512959
	-3.440754442	-3.526307217	-9.513232253	-5.663865911	3.543560718e-31
	-5.534292689	-4.292854601e-31	-10.09160174	-4.812993588e-31	-5.40602378
	-9.241970423	4.009321723e-31	-9.671681443	-5.485091695	-3.282988494
	3.341243457	4.252252934	4.251674958	2.992260009	5.189850936
	3.212206533	2.959826108	4.251778045	4.35375163	5.034939804
	4.446691462	4.472177831	4.864773592	5.412979138	4.715252938
	4.483181816	5.182484061	5.045531103	4.103981546	-0.6933537703
	-0.693675168	1.344263144	-3.453302088	4.163061894	1.317950109
	2.926794473	4.236375347	2.779934678	1.463205285	4.197627681
	2.449839401	2.728044589	1.506537323	-3.345215924	-3.639539672
	-5.414408196	-5.473587586	-0.7313787277	-0.4418488351	-9.25343957
	-4.81285789e-31	-9.946507699	3.719872476e-31	-3.403818778e-31	-10.40175745
	3.936396559e-31	-3.596139555	-5.131861301	-5.476296427	-3.422024284
	-9.642182492	5.033219006	5.090125669	5.030681077	5.52265984
	4.886393777	5.487589212	5.32639513	5.448349525	5.425198695
	5.622138042	5.40963444	5.073161199	5.056737793	4.081834804
	1.538090489	-0.7272113894	1.35647683	-0.5979400776	4.170842813
	5.079688457	5.093155575	5.47165206	2.701616127	2.604365986
	4.205557171	4.058010198	2.332549629	2.49620156	1.559616666
	-3.711114451	-0.7649173203	1.629902157	-0.9751894755	1.537091344
	-3.522863083	-4.96185904	3.534214459e-31	-3.361698266e-31	-9.882756756
	-5.3651695	-9.666478282	-4.38626951e-31	-9.662661008	3.151570187e-31
	-10.06578148	-0.8189967674	-5.101726715	1.632673914	1.644641571
	-3.406554687	-5.157768074	-0.8739102509	-3.552879476	5.787464296
	5.587451242	5.469567879	5.482010325	5.012398587	5.129070368
	4.022418097	5.586857601	5.65340417	3.906127098	2.497371368
	2.819305773	5.192613896	4.034320686	4.990963594	2.561546835
	3.832749135	2.400563554	3.058493799	2.285780591	-3.536050209
	-1.156874248	-1.136591035	0.1592339718	1.397482863	0.3085320169
	-3.628736719	-5.14390731	-5.094831667	-9.575712698	-4.106040427e-31
	-9.71475971	2.875612536e-31	-4.6148304e-31	-5.099591505	-3.52370682
	3.330653341e-31	-9.546289581	-9.293180723	-4.982553536	-9.971444728
	2.9009246e-31	-3.289101165e-31	3.099102357	3.303480667	1.616465151
	3.833280993	-3.621093698	-0.8986902199	-0.9645676809	1.511742986
	5.704215938	5.519064989	5.764901777	5.496303165	3.931367789
	4.794680686	4.884694453	5.437382111	4.747351154	4.955941403
	5.464954387	3.931202507	4.075691952	1.259868711	3.196568812
	1.186695881	3.033962458	-3.642486856	-1.037064783	-1.060801324
	-4.960332788	-5.116212233	-9.237303827	-3.618179582	-9.689999526
	-4.626849002e-31	2.859422922e-31	-4.036598614	-9.376616344	-4.776027023
	-3.390764408	-4.04366363e-31	2.292704985e-31	-9.291777229	1.472860999
	3.073002475	3.352602151	4.124617439	-0.9514851974	-1.08312496
	1.347327748	-3.307573134	5.363370398	5.566098461	5.570689039
	5.372112919	5.250272937	4.69166557	4.183803936	4.531596786
	5.294855088	4.283452747	4.547169978	4.750359493	2.9149919
	1.244667047	4.074310036	2.829694867	4.067325667	1.040883507
	-3.546828842	-0.9639733831	-3.544968637	-9.352115303	-1.138671609
	-4.841877197	-4.425400702	2.146409596e-31	-9.266548521	-3.90704172e-31
	-4.150021712	-9.225469153	-4.584818082	-3.280534047	2.348009692e-31
	-9.040540085	-3.754400038e-31	-3.255465155	1.251741708	4.159940295
	2.934202723	2.833751346	-0.9923307886	1.05209411	-1.00456733
	5.190792526	5.241865312	5.187180683	4.846956457	5.529806489
	4.769092854	5.161854793	4.092985124	4.95328458	5.178350612
	4.839986136	2.785484289	4.015815244	0.9588597331	2.594659607
	5.232299259	4.717668342	4.771562734	3.832215265	-3.370105887
	0.8460744552	-1.148320097	-1.219967215	-4.428923459	-4.699964831
	-3.454945944	2.321035722e-31	-9.128398665	-8.614538945	-3.854804494e-31
	-3.989458646	-3.196252212	-8.853889971	-4.480376409	-3.280406356
	-3.561170439e-31	2.019314715e-31	-8.759630899	-0.8519427329	4.003630492
	-0.9408926384	2.742248888	0.8702157813	0.9284179343	2.675107122
	5.300797009	5.464278643	5.235520789	5.272907592	5.294211546
	4.850472307	3.954141198	4.820693124	-9.279540862	2.415130141e-31
	-2.980786228e-31	2.53370071	0.74438252	3.782365457	2.373547928
	4.67161529	3.712835131	5.246034455	4.691908132	-1.089768298
	-3.562363594	-0.9930142859	0.6455049409	-8.23929356	-3.626486605
	-4.458779773	-3.486150484	-0.9357141805	0.8803610938	-0.8650206136
	-3.283175852	-4.293387896	-4.060395691	-8.38135193	-3.507876159
	1.862179334e-31	-8.369931622	-3.555182447e-31	2.61516665	0.8535826343
	3.963288109	2.445575826	5.4804455	5.220673916	5.2788564
	5.438600803	5.303046275	3.817144754	4.801367361	3.852014444
	4.760737131	-3.555189023e-31	-8.334503387	2.004259288e-31	2.241078905
	2.148975192	0.5230728876	3.70925439	3.626899051	4.627183099
	4.685274129	5.242203752	-3.775099207	-0.8840080653	0.4682870276
	-0.9567067716	-4.250971769	-8.314679362	-3.591353191	-3.857379493
	-8.07378792	-0.8162777316	-3.570099391	-0.6898392466	0.7297899189
	-3.699485376	-3.539831032	-4.145659022	-3.296963121e-31	1.911268648e-31
	-8.000041834	-7.930707755	2.369111182	0.7565917667	3.145843465
	2.343376897	3.763135833	4.26667125	4.32817275	3.058242809
	5.2944476	5.447242137	5.478910456	5.206679694	4.708785779
	5.266643812	4.743418287	-8.217770404	2.074628393e-31	-3.419263121e-31
	-8.034408553	2.022965052	2.058331904	0.4301846684	3.596181826
	5.196355581	3.532012101	4.629560483	4.546375632	-3.576932779
	-3.593817727	0.4824285173	-0.9378443632	-4.121487481	-4.35001368
	-1.348863406	-3.603447786	-0.5204844216	-4.07573623	-3.482876476
	-0.8105037441	0.7290870897	-3.632606023	0.7552348565	-3.377890963
	1.96565194e-31	-7.875438225	-3.342934036e-31	-3.805531344	-7.817207092
	-4.089351159	3.688281744	3.691031493	2.34293615	2.32819282
	5.397535454	5.220393308	4.698283841	5.164385924	4.648724866
	5.422938801	5.254679458	5.113896307	-7.536547498	-3.856619853e-31
	1.471499574e-31	-7.952546081	-3.32746998	-4.419856727	-3.44228308
	-3.513989889	-4.322863456	0.4612613675	3.404952317	4.434792893
	1.994644582	1.999746996	4.461976297	3.457847395	-1.725073116
	-1.88594232	0.363778024	3.697697725	-0.9858689253	-3.275652098
	-1.27596727	0.8119401442	0.7419178726	2.357786167	2.365884445
	-7.342179787	-3.87176452	-3.232193835	-3.793719754	-3.682855041e-31
	1.775867796e-31	-7.718221654	4.589528179	5.194500847	4.615145152
	3.678511957	3.409414539	5.171210947	5.355483854	4.420089692
	5.109894571	5.341368522	4.395263181	5.08031679	-7.558207543
	-3.91154207	-7.539278993	1.985150399e-31	-3.778040092	-4.108264817
	-3.323364645e-31	2.065984386e-31	-7.840900363	-2.601811393e-31	-2.415850593
	-2.375772518	-3.426864656	-4.184537332	3.380526278	0.2022679154
	-1.834283572	1.982560359	0.4554776212	-1.877307594	2.020918946
	3.648973721	2.330191737	-1.258885375	2.325886315	-3.383314652
	0.820863076	-1.391119135	0.7477020042	-7.531032461	-3.245034191
	-3.743669116	-3.407961023	-3.062170651e-31	-7.544041036	1.638381511e-31
	5.181021667	4.592491806	4.575282862	5.151945515	3.650569015
	4.400053126	5.079597838	5.355689174	3.377440381	4.442962467
	5.071579274	5.327132688	-3.65683392	-2.980967007	-7.508787892
	-3.650541972	-3.434838735	2.472056519e-31	-7.199999447	-3.521417399e-31
	-7.669103337	-1.54859595	2.065804409	-0.4040434096	-0.2654936263
	-1.636862945	2.158650066	3.408777766	2.324635261	3.62880189
	0.7764626193	2.402082472	-1.508990647	-3.106149344	0.660139917
	-1.502960723	-7.444112105	-3.157341143	-3.29122107	-3.503473329
	-3.101425633e-31	1.99238658e-31	-7.489002829	5.382233957	5.151949179
	5.085997155	5.319154225	4.568444254	4.593836219	3.645557859
	5.163314189	4.448322463	3.41332792	4.448192431	5.146603834
	2.542806402e-31	-3.339542444e-31	-7.725340095	-7.701591704	-3.519754847
	-2.839209025	-3.431135633	-1.549766117	-0.4197537235	-2.230284572
	-3.544485976	-3.254654207	-4.236655717	-3.684091126	-2.643977208
	3.503913384	-0.5058321405	1.93974499	2.128030284	-3.181703006
	2.550812296	0.4236062043	3.607955079	2.527746147	-1.337533099
	0.1931666029	-1.09737776	-3.115757473	-7.596515093	-3.08528627
	-3.071923753	-2.76578447	-3.038694902e-31	2.274150944e-31	-7.608399779
	5.376300464	5.461340909	5.199279899	5.155032679	5.236687466
	4.648772666	4.582665932	3.617758139	4.476424244	5.249261111
	3.529272645	4.562909867	-7.738144859	2.217489291e-31	-7.808006543
	-3.315862544e-31	-0.4448549482	-4.405569226	-2.944088811	-2.521095397
	-4.311623723	-2.856321962	-3.098262773	-2.629447732	-2.781039046
	-2.770100366	3.5412821	1.871309465	1.880565983	-0.4307490611
	-2.658017844	-0.9371208078	2.616170835	3.625175593	0.0378882083
	0.05249402204	-1.44089831	2.261703752	-7.605827939	-2.762788521
	-2.402356497	-2.043711267	0.2698953036	-3.234634057	-2.396276391
	-3.491460409	-3.115157422e-31	-7.575876253	2.356151927e-31	5.478112697
	5.544582194	5.289132592	5.267929497	3.581111018	4.668339827
	5.36700929	4.733842734	3.625960607	4.677362134	4.764275583
	5.373921305	2.682770942e-31	-3.357432247e-31	2.728357888e-31	-8.101986332
	-7.881504997	-7.795476972	-2.732521397e-31	-7.923770666	-4.479423227
	-2.714018167	-4.253561397	-2.745334384	-3.258658757	1.783733803
	1.829021287	-2.705995484	3.723276187	-0.6105081277	-0.5265634301
	-2.609465491	-2.632062316	-0.8830214352	1.825551081	3.56498553
	0.1483164631	1.816564323	3.480697216	-7.596846743	-3.549457427
	-0.3065175807	-2.044005031	-2.228300095	-2.645757326	-1.998864536
	-3.888942107	-3.184190435e-31	2.462721983e-31	-7.583241308	-7.629985845
	-8.114034618	-4.093337063e-31	2.550934266e-31	5.628826835	5.44363654
	5.652428062	5.454893131	4.841980063	4.748642739	5.400684694
	3.815787484	5.516754549	4.844771427	4.989598665	-4.702515718
	-3.243492817	-4.303806858	-3.212085887	-2.956286839	-4.623376572
	-4.629074354	-2.523465216	2.064669721	-0.4883247646	-2.699355133
	2.014795851	-0.6741717371	3.924678028	5.534025968	1.975475397
	4.922803737	4.939138575	3.620939847	-0.8250021295	3.59318252
	2.01268427	-7.643769915	-2.243267106	-4.198671307	-4.025282422
	-1.807812778	-0.9445347403	-2.40874328	-1.569974439	-3.18155101e-31
	2.560748033e-31	-7.639586769	-3.322522128	-3.338464658	-4.622079424
	-4.81758861	-8.097726029	-8.132412109	-3.433031504e-31	2.406156543e-31
	5.739997957	5.549477598	5.782620551	5.597792908	5.192325542
	5.693539612	3.993224177	5.120880362	-0.4708830076	-0.4198928559
	-2.688786972	-2.487566721	4.005928384	2.266518912	2.380955474
	-0.1764590256	4.954147569	5.648769825	3.475091981	4.907920768
	2.099748614	3.685620551	-0.9235215159	2.160928679	-4.517017822
	-7.658730368	-4.289440833	-2.643152135	-1.563357957	-2.810619728
	-1.70909625	-0.7545254313	-7.690466395	2.683567717e-31	-3.320529369e-31
	-2.529772514	-2.462960954	-0.0131454327	-3.414092446	-3.616741883e-31
	-8.1658203	2.62225994e-31	-4.653549438	-3.391574445	-4.861263338
	-8.21646592	5.67445331	5.859754878	5.208321471	5.76837019
	5.711353659	2.645865215	5.891202053	4.073258843	5.296635122
	2.50771824	4.026265573	4.120446336	4.063238351	0.255569183
	2.811352728	3.035994705	2.501904877e-31	-8.441813019	-2.844805104e-31
	-8.264380874	-0.7037232464	4.767976494	5.664425658	4.727400747
	3.759142744	2.405659257	2.496303591	3.753533277	-2.992343658
	-4.763522847	-7.847702528	-4.558347593	-3.144452496	-1.878672811
	-1.775357118	-0.486699547	-7.858614863	2.704938095e-31	-3.472254802e-31
	-2.620309648	0.3575797482	-2.350700477	-3.401197173	-4.803165674
	-3.474764339	-4.572597649	-3.490498112	5.748748806	5.020082719
	5.638650183	5.794680305	5.916811573	5.129263781	5.924980642
	4.091387066	4.996346629	4.96082731	5.621515796	0.4512054817
	4.011672341	3.455035384	3.493046575	2.254084217e-31	-3.560889158e-31
	-8.283758814	-3.461878505	-8.252603062	-3.454887199	-4.887554443
	-4.680001441	-0.3284133902	2.480888945	4.685975892	3.917939946
	2.347326794	4.770923858	3.8452526	5.592307414	-4.749419156
	-4.920674859	-3.286889217	-7.963932133	-0.2639673365	-3.349002751
	-1.917130261	-1.995612419	-3.380879939e-31	2.305806105e-31	-8.002871415
	-2.267897459	0.676265469	-1.896048639	0.7341648755	-1.695815353
	-1.680654887	0.696789428	5.802685448	5.541639825	5.928452036
	5.556270671	3.395705417	4.951800595	5.530198056	4.896983241
	3.678677798	4.019667882	4.017485256	2.091699275e-31	-8.155283951
	-3.610359968e-31	0.878659239	-8.207929319	-4.804194845	-1.615518132
	-3.364072474	-4.68672796	-3.457100324	-1.387822669	0.8043538627
	2.321569786	4.009527615	2.319977251	-0.09068936022	5.431932279
	4.773752533	4.000760992	4.732506278	-0.01942495236	-1.766907853
	-4.680591083	-3.41716938	-1.91260854	-4.977355894	-3.332258621
	-8.003142237	-8.105022004	-3.672063479e-31	2.660131227e-31	4.085753151
	3.362913265	3.119231084	4.033034227	5.42356939	5.477327456
	5.348959206	4.840232275	5.689026314	5.650167718	5.424400946
	4.852462612	4.016932639	-8.127981666	2.077582604e-31	-3.501784955e-31
	3.08995476	3.845669334	0.9036843952	2.960451377	-8.103021263
	-4.601210902	-4.702610875	0.9342427826	-3.317694067	-1.19219605
	-3.313678919	-1.274902568	2.319438911	4.79761077	2.390402853
	0.04022218061	4.814474338	3.79504293	3.965508267	0.2173134131
	-1.50359042	-3.521208794	-1.671185145	-3.571500144	-4.85571168
	-8.247242896	2.483603985e-31	-8.423482844	-4.793579181	-2.838250555e-31
	3.70147975	5.331849889	4.82566656	4.809504763	4.859775972
	5.324623101	5.487331868	5.274687776	5.365795902	4.797044241
	5.556325286	4.933927875	5.29632024	3.513685455	3.622680686
	4.88892286	1.850672926e-31	-3.382898222e-31	-8.060353854	3.110511325
	0.929645893	3.283024217	3.211930501	-4.550653812	-7.889259898
	-3.324281497	-4.719684171	0.8033530423	-0.9055169566	-3.260476866
	-1.050936222	3.563726299	0.2124615103	2.754528687	0.2762739657
	2.674765175	-7.82999381	-1.427662088	-1.403718813	-3.568426437
	-4.879426979	-3.616823537	-4.974979861	-4.152015112e-31	1.801061037e-31
	-8.194083229	5.227162662	4.741013026	4.855904236	3.481188639
	5.225020438	5.321905936	5.242735178	5.42099311	3.440207089
	4.608248134	3.993862915	3.219364779	3.885268898	4.837209244
	5.195863234	1.903032107e-31	-3.477430966e-31	-7.770576073	3.538545652
	2.740595811	2.986950364	0.7344248917	3.621641393	0.7206060097
	-4.688656332	-3.066476646	-4.507961506	-0.6597495287	-3.100062442
	-0.7403304081	-7.901215791	3.419646741	2.723375243	0.3332810757
	0.2789138395	2.628712975	-1.333813101	-4.737271543	-3.341066808
	-8.198417442	-1.137863435	-3.322764431	-4.392223268	-3.527294553e-31
	2.265000165e-31	-8.074056143	5.160410822	4.592394363	3.442265249
	4.350394336	4.355887375	4.893649411	5.227472085	5.113115119
	5.278513031	4.376199561	5.028300799	-3.291065073e-31	-7.771649815
	1.788721066e-31	4.324958975	4.30171489	3.736421625	4.813893474
	3.738339777	2.443688425	0.7100182234	2.225609023	-3.066530806
	0.7661085034	-0.5920778901	-0.5861385586	-3.087195903	-7.761208111
	-4.560570364	-4.585369794	3.584619356	2.615541706	-0.9856079629
	0.4050144287	-3.307874455	-1.052940764	2.504038902	0.3928483222
	-3.365637245	-4.441296288	-8.02747041	-4.648794134	2.135878436e-31
	-8.457681777	-2.811865194e-31	4.235704917	4.786803289	4.19668488
	3.73102731	3.700914984	4.711822435	4.812314087	4.719647449
	4.950623805	-7.471417214	-7.783192059	-3.848648764e-31	1.322867535e-31
	3.716316545	4.649099649	4.317697612	4.292922164	3.621577922
	2.007091069	0.8924382933	-0.5968683236	0.8885369804	-0.5977520088
	-2.990191378	2.01353497	-4.442541514	-2.952877136	-4.535682918
	-2.98143972	-7.525851495	2.432914518	0.4454234123	0.423981317
	-3.303592451	-4.515886921	-0.8477723653	-3.274980026	-0.8641636238
	-4.505981423	2.301228579	-4.056136056e-31	1.792099768e-31	-8.022596332
	4.639951995	0.4713181454	2.005276358	2.150871273	3.710961295
	4.248758477	3.661958371	4.30587483	4.597517146	4.571337232
	4.646043043	4.69575203	-4.173503363	-3.560232344	-4.039401511
	-7.298679485	-3.34769909e-31	-7.50124466	2.137193022e-31	4.381790253
	4.240698121	3.437256037	4.578260435	3.282260482	2.04625287
	2.103506488	0.9411856593	-3.689904915	-1.812198324	-0.7029801223
	1.03856296	-1.722321026	-0.574920732	-2.844269872	-4.078910296
	-7.893428081	-4.260368821	-3.19400678	-0.7296065153	-0.7653158907
	-3.165785836	0.6138175479	1.718774317e-31	-7.806118443	-3.266955661e-31
	4.567807814	4.372099163	0.7786038358	1.950651814	1.850612797
	3.495310923	3.280515327	4.262186821	4.542387802	4.59146001
	4.612761369	4.528896971	-2.758513524	-2.621157244	-7.307248029
	2.037735735e-31	-2.608362868e-31	-3.817569687	-7.979156036	-4.133618268
	3.92128269	3.242982843	4.004905029	4.454871073	-0.6805414238
	2.144486147	1.087656301	1.102966302	3.212762739	2.275931417
	-0.641638754	-4.155635359	-7.743383944	-3.067166061	-4.242239196
	-0.6905872081	-0.7188568777	0.8331582977	-2.976274782	1.703170717e-31
	-3.327504073e-31	-7.625051418	0.9201852298	4.065476843	3.83933413
	4.475527936	3.107156213	2.237839473	3.175697226	2.099952854
	4.321590319	4.350713064	4.406165739	4.576369322	0.9907149631
	1.177409574e-31	-0.6419041337	-0.7021887214	-3.928058637	-2.68470414
	-7.025893223	-7.218655724	-3.999249993	1.635079404e-31	-7.325658371
	-2.764376117	-2.447749512e-31	-3.575105784e-31	3.748326216	4.177846424
	3.871334785	3.160377918	2.506314207	3.074589427	2.576897256
	0.9636395012	-3.982120952	-2.911049974	-7.595833171	-4.05440901
	-2.874245301	-0.7119905776	0.965645071	-0.6965117534	-7.545550112
	-3.180475308e-31	1.726899218e-31	2.341007109	2.424042131	1.001102865
	3.114578241	-7.230738583	-3.090987938e-31	1.667927723e-31	-6.966405811
	-6.924328839	3.076764393	3.769714725	3.706182549	4.18021803
	4.125591046	4.061902763	4.209755866	4.082585177	-0.6390562337
	-2.640441298	-0.6565975499	-3.702366778	0.9353447382	-2.551752194
	-3.363341924	3.097060573	3.593594023	3.935373843	3.468714082
	2.682635822	3.160517806	2.64665469	0.8944024077	-3.81312036
	-7.42726776	-3.896536266	-2.789891599	1.005279928	-0.6531072171
	-2.746420455	-0.658532785	-7.364688058	-3.075223869e-31	1.65824229e-31
	-6.916709097	1.683315664e-31	-6.930769422	-6.523260486	-3.300622692e-31
	1.106413553e-31	-2.305242012e-31	-6.682761525	1.494893422e-31	-6.415898677
	-2.868772141e-31	-6.625294213	2.525557758	3.003132591	0.9751716253
	2.622353397	-3.845688869	-3.451208131	-3.759937063	-3.498465147
	-2.434959938	-2.541684412	-2.585590479	3.541261259	3.966978538
	3.39193528	3.025114462	3.723173328	3.991043821	3.818638375
	3.735221205	0.8575610196	0.8476577514	-0.573913411	-0.5349708739
	3.406077835	3.333708039	3.366396282	3.610304386	3.510079898
	2.394668964	2.572532028	7.653138862e-33	-6.287348622	-6.184215234
	-1.750408101e-32	-2.39767275e-31	-3.778911118	-3.818713981	-7.446965714
	-2.70128705	0.9710655556	-0.6138293763	-2.570617557	-0.5718608279
	1.486505853e-31	-7.132638626	-3.134032077e-31	-6.148404058	-6.754437076
	1.256222774e-31	-6.646278482	-6.031145261	-3.048989921e-31	-2.986770935
	-2.522251059e-31	-2.490822446	-2.872720464	-3.256619697	-2.508983393
	-2.26136151	-2.169041131	-2.35963892	-3.384782851	-3.523235038
	-3.436720226	-2.484181786	-0.6092273906	2.698177693	3.16753849
	2.646187319	0.9559724796	0.8717967733	0.7713854614	0.8177679923
	-0.5389982135	-0.5873570532	3.40973522	3.498147452	3.331541018
	3.317063379	3.332774122	3.44397233	3.247170902	3.487781864
	2.24111936	3.602021212	3.402321311	3.462255298	3.589041191
	3.528720647	2.134913057	-3.564724389	-4.299915426	-3.141471987
	-4.13086171	-2.760905119	-3.15924697	-4.392521692	-3.918754955
	-5.812402568	-2.352437597e-31	-2.889993304e-32	-5.854828564	-3.314356927
	-5.779923771	-2.15204402e-31	-4.661793658e-32	-5.315413292	-3.57521174
	-0.5345555785	1.53860798e-31	-7.069353543	-7.297532932	-3.543968826
	-2.592893255	-2.505885218	-0.5067939551	-2.958340499e-31	-2.495743156
	-0.5385277508	0.4425241516	-0.5346620954	-2.208523066	-2.553856516
	-2.102948102	0.802954645	0.793430323	-0.5174342484	-0.601457672
	0.8002455967	-0.6198294267	0.4617300492	1.785853478	0.4157764982
	2.221404429	1.461892634	1.771363233	3.481143807	2.536450975
	2.398833077	0.8475465095	-0.5320423094	-2.428145724	0.8422399598
	-0.483331323	3.380437829	2.075740904	3.11576043	2.062406082
	3.253891731	3.47400414	3.515858857	3.486288282	3.129234523
	3.392203492	3.754636667	3.225031818	3.748329251	3.442309917
	3.115217275	-2.203414274e-31	-5.562879846e-32	-4.95139033	-5.347262368
	3.944675694e-32	-4.959929593	-0.9578555232	-1.33850235	0.06768231114
	-1.855335029	-0.2978645646	-1.145384466	-2.258738036	-2.305452874
	-1.24780756	-1.929867543	-3.115574577	-2.3801879	-3.848839631
	-2.733170956	-3.302667925	-4.187828966	-2.659340032	-3.145572965
	-2.716871615	-2.550594997	-2.369360118e-31	-7.00694183	1.114433034e-31
	-3.147885246	-3.448018592	-6.757010733	1.214938875	0.7612313787
	-0.5844094973	0.3840850122	2.089393129	2.054126921	2.810017812
	2.414334035	2.954379386	2.656299434	3.01160305	2.042436161
	2.884327762	2.381658672	2.65283613	2.357878539	2.242475449
	3.429695369	2.114209251	0.8138465747	0.8156878177	-0.4430742728
	-2.440316792	-2.455839685	-0.4692862663	3.643063768	3.456745704
	3.476339128	3.539141781	3.300445413	3.586794803	3.229196969
	3.583196882	3.263808373	3.344747075	3.130674366	-1.944128347
	-1.920924815	-2.24562211	2.456569186	1.930275174	0.5486828866
	1.273518776	1.169758622	-0.160655171	0.2445716332	-0.8532501638
	-1.09347547	-0.7945312627	-0.6826622239	-1.663422608	-0.3736286718
	-1.500856164	-1.742446744	-3.404302539	-2.883904679e-31	-6.769302205
	1.540983479e-31	-6.704962626	-3.553551942	-6.188506756	-2.348535295
	-3.325035894	-3.472361403	2.756635167	2.854489366	2.756948517
	2.628902428	2.955839189	2.926628216	2.842226549	2.784139023
	3.08545794	3.209014732	3.480587417	3.391775638	3.495340255
	3.479293255	3.016601298	3.396762421	-2.385420418	0.7940521779
	3.119328985	2.01677374	1.977222581	-0.4782395923	0.7903117875
	-0.4877856444	3.315174648	3.478567483	3.433072378	3.404940716
	3.570306991	2.958306561	3.484798814	-0.1988908374	0.6291821362
	-0.3355365111	2.864461368	2.734956996	2.476763411	1.521992622
	0.8360200831	2.027115393	0.3688597537	0.5965918428	1.605099399
	1.30096504	0.1249597701	1.11081153	-3.119657943e-31	1.32415682e-31
	-6.651029408	-2.941811935	-2.930338769	-6.490449849	-2.322167642
	2.964544069	3.061054428	3.080832763	3.000803562	3.192482367
	3.443971431	3.141761206	3.307698508	3.418903619	3.525091251
	3.489156783	3.487902121	3.488205849	3.52025542	3.457716855
	3.45688658	-0.465416015	0.814134123	-2.193056233	-0.4568922825
	1.97154337	0.807405695	2.739268057	3.296789133	1.972884713
	3.398344185	2.826855772	1.631045883	1.954341726	1.394264103
	2.901340673	2.6675255	2.947054409	3.005125567	2.810403015
	1.872620861	2.661595974	2.362997381	2.10328095	2.462154051
	2.22265943	3.012136628	-2.654057835e-31	-6.646041838	1.202686163e-31
	-2.996005639	-3.029965269	-6.282184768	-2.336292209	3.042567706
	3.004570043	3.042704597	3.127410677	3.045381044	3.2575646
	3.06740528	3.232920105	-2.243534888	3.265200697	2.901912157
	2.99557192	3.280106575	2.838401155	2.681399489	3.209107276
	-0.533135132	1.971792031	2.630613096	0.7453911556	-0.5109529346
	0.7818708113	1.968359196	2.684243592	2.813430432	2.52652331
	3.008641288	2.997934177	2.921360226	2.983299018	2.914308244
	2.978114762	2.835540913	2.97210811	2.977886694	2.908312012
	2.950619555	-2.652313421e-31	4.413263235e-32	-6.077311373	-2.038287303
	-6.215608676	-2.69910744	-2.515107312	-4.288139048	2.667607961
	2.948226635	2.902715781	2.768750755	2.523378204	2.835662354
	2.895906673	0.7308634786	2.306300848	0.1696494613	-0.512642737
	2.242301509	2.605173309	1.970795522	1.962609551	-0.97189296
	1.440621813	2.907041733	2.909555431	2.813338495	2.760250238
	2.677204697	2.831861382	2.475009268	2.281200433	2.139033729
	1.874836448	2.300683767	2.688254451	-2.327605072e-31	-2.595659841e-33
	-5.336312004	-2.899537775	-5.015234806	-0.2481481457	-1.756448526
	-3.495798539	-1.496978462	-5.690982171	1.574744306	1.237915186
	-0.8626622359	0.3798420251	1.429210929	0.7009643844	0.9457526576
	2.243796463	1.977249143	2.508379212	1.633491956	1.134935657
	1.908211934	1.479393686	0.28592392	1.116111466	0.6253498405
	1.304023062	0.5319885969	0.9453894681	0.02933849817	-6.122580842
	-2.374499706e-31	1.471978365e-31	-5.730049959	-0.530529006	-0.6961155974
	-1.485128741	-1.23259757	-0.1265340138	-1.135498852	-0.494483525
	1.400807711	0.8469441945	0.602823327	0.07963510637	-0.8535673109
	-0.2350278268	-1.552901573	-1.484201178	-1.098900125	-2.065143597
	-3.34393103	8.725824268e-32	-5.838920826	-6.065572376	-2.383130374e-31
	-1.291818929	-1.737175105	-0.4476810495	-2.565477766	-1.108192136
	-2.251493756	-1.806614122	-4.91814624	-4.475971878	-4.998294418
	-3.196201801	-3.447182079e-32	-2.356687643e-31	-1.766201048	-5.483607776
	-2.209942011e-31	-7.354046257e-32	-5.232857785	5.441584183e-32	
