2213	
	1.151477821e-29	4.754562009e-29	-2.953575058e-32	5.090934284e-29	0.1819750634
	2.16178786e-31	-2.267555576	-1.666767869	2.58308262e-29	-0.577269441
	-6.984486459e-32	5.09540175e-29	1.151779846e-29	4.75706439e-29	-2.518466198e-32
	-0.5770207471	2.583122459e-29	-1.6074545	0.2620451933	5.76139034e-29
	0.1286232373	5.762648227e-29	3.304966263e-29	0.1031472369	-0.04712775772
	0.4820970399	2.900514872e-29	5.42455151e-29	-3.614470656	-0.677385508
	-0.4558136149	0.3275643566	-3.464209359	-2.036013655	-5.226088088
	2.687770367e-31	-3.686041105	-1.583310436e-31	-5.628778972	2.903866115e-29
	5.429660988e-29	-0.09867552035	0.3173029799	0.4337016798	3.125274104e-29
	0.06930793807	0.1677365309	0.02687389878	5.650074741e-29	3.260026888e-29
	-0.5209893818	-0.2808402033	0.8146427691	-3.308942951	-2.503221759
	-7.417426551e-32	2.098355406e-31	-4.366736617	-5.041897555	-2.1475443
	-5.665710785	0.4281517609	3.259946409e-29	0.4088394768	0.6482755996
	5.632318451e-29	0.4941107702	3.123726699e-29	0.3982238329	0.5343817103
	0.6193495732	0.6888009612	1.029182365	0.8779478532	0.305495374
	0.8673827066	0.5399126495	1.488414348	0.9639254122	1.270889441
	0.7998297082	0.9648231744	-2.075959694	-0.05766241086	-3.73477249
	-1.396636011	-2.702704723e-31	3.210623335e-31	-6.714725162	-5.001111238
	-6.419847722	-6.924805598	-6.365937462	-4.810145887	-6.97258523
	-3.084151486e-31	1.831274427e-31	1.244593729	1.184270946	0.654375555
	1.201056796	1.04628164	0.578152275	0.6726671738	1.260962513
	1.473612258	-3.84041507	-2.935731698	-2.667621666	-1.496787008
	-3.936918837	2.640766618e-31	-1.646373918e-31	-6.264477808	-5.295770843
	-4.331008699	-6.958576789	2.168253112	2.204809844	1.825968461
	1.091771678	2.638146237	2.054026836	2.768707307	1.448290694
	1.37706461	1.226724453	2.198901081	2.35773828	2.121729204
	1.28597409	2.26401602	1.4301522	2.380159212	1.967030212
	1.95974995	-7.260535601	2.255651006	-1.056925624	-8.796612816
	-0.9260077748	0.8753567954	-2.786759109	-8.092239442	-4.779961925
	-7.276811043	1.635287591	-4.540484039	-3.025896279	-7.557745943
	-5.624121444	-3.523800129e-31	-8.941987927	3.936212477e-31	-9.36190556
	-1.03213034	2.134922143	-1.31994631	-0.2926236908	1.952525755
	1.558896604	2.414603846	2.751379759	1.992096075	2.553588451
	2.293702516	-1.182116318	-3.127975352	-5.287231691	-2.657825293
	-2.416770531e-31	-5.519215077	1.875514912e-31	-8.003363068	-8.214318722
	-5.832720273	-5.673382819	2.360856739	2.487206427	2.840450582
	2.405676528	3.230006577	3.51921497	2.861227992	3.076911061
	3.216338909	3.43965896	3.178262711	2.619732855	2.116344604
	2.810760305	2.627186961	2.577859381	-5.692925137	-5.98530365
	-3.916464982	-2.942181838	2.244969343	2.539765853	-0.1862715561
	3.357366696	0.5282697708	-1.824582176	-3.257363094	-2.863741676
	-2.875863267	-9.793270869	3.888667947e-31	-5.190410051	-4.824312385e-31
	-5.478064808	-9.33269783	-3.073477535	-5.457792996	1.376741914
	2.067479901	0.4136448901	0.1657602057	-1.204525333	-2.878160487
	2.840264842	-3.432640559	3.329250017	3.047800767	-6.904793911
	-2.829032057e-31	1.731174143e-31	-7.011291069	-8.656859377	-4.331118745
	-7.351384839	3.060570494	3.300179925	3.652933691	3.838624895
	3.567127968	3.589653815	3.796528651	3.835167149	3.986642063
	4.123498757	3.570798022	3.610673056	3.548430526	3.225834599
	3.776791405	3.627488984	-0.8168049056	3.954873303	1.520572763
	3.415008128	-0.9459924057	3.155763936	1.476299129	1.643606281
	1.54322051	-0.7761201574	1.18386043	-0.5994955266	-3.236905429
	-0.4578608506	0.4953406788	-0.6243513949	-3.39163643	-9.426829526
	-3.307861669e-31	-9.91557122	3.524347655e-31	-4.803999984	-5.062086014
	2.978582953	1.261294959	3.035539068	0.6939986918	-2.513318844
	-1.65006553	-3.594220826	2.118245037	-4.203151184e-31	-2.907141271
	-9.053405578	-5.387039185	-5.579265125	-9.337435074	4.308064822e-31
	-9.429810292	-4.130792015e-31	-8.992981035	3.711502664e-31	3.86546382
	4.02699469	4.15977577	4.112318715	3.904982689	4.092850493
	4.456918798	4.329634504	4.235080484	4.317377688	4.215823495
	3.850548642	4.317219049	4.173051055	3.080578228	4.329679765
	3.290412691	4.66621363	4.235110614	1.231214783	1.9815874
	0.654746732	3.171144406	4.273659763	2.65517415	1.947882656
	-3.49673443	-0.5953036502	-0.7185612122	1.445689466	-3.487136384
	-9.844093824	3.408032723e-31	-9.425758803	-5.108537989	-4.029356527e-31
	-5.288313813	-4.124406874e-31	-9.440280806	-9.624339078	3.782114639e-31
	3.568558749	4.279347801	3.173862745	1.784717142	-0.8573954682
	-2.946223263	-1.088380796	-3.128278893	-5.783133327	1.454803876
	-5.530748727	-5.533171778	-5.595214061	-3.205364909	-3.318815635
	4.582489438	4.515514185	4.326676352	4.82354796	4.148099369
	4.769658814	4.802612298	4.913167026	4.755551245	5.188632728
	4.560570603	4.870537207	4.85776577	4.655930533	5.274247575
	4.230372032	1.527407005	2.281192661	2.461434506	-0.8284120169
	-3.606578974	1.572231826	-0.9244065288	-3.697038314	-5.094711002
	-5.137598854	3.397110804e-31	-9.583701741	-9.787110196	-4.193753844e-31
	-3.345826779e-31	-10.03456937	3.67117099e-31	-9.828609174	-3.573869616
	-4.859648718	-4.900682705	-3.276235182	-0.927125863	1.721455472
	-1.059818752	3.089801143	-1.099159887	4.119830536	1.483778471
	1.271646935	2.908396255	0.2815709418	-1.03417508	4.871867432
	5.174010806	4.092521325	4.978468634	4.127221191	5.320642358
	5.669169632	5.027805618	5.409783073	5.412730784	5.367293686
	5.036242946	3.962305668	2.658132853	1.656721412	2.369946111
	3.835516523	-3.653741756	-1.04216406	1.492412534	-1.019724818
	-9.059323505	-4.946957041	-3.742793128	-4.852659371	-4.534888443e-31
	-9.552350569	2.918917224e-31	-4.646430214e-31	-9.779533224	3.554237126e-31
	-9.29030453	-3.590815378	-3.716441522	-4.854378453	-4.717828339
	5.510089152	-0.638685216	2.773944071	4.243622213	2.029125778
	1.28841912	-0.7249325023	1.362750189	0.5497491501	3.032919029
	2.038118575	5.037386679	4.108079883	5.069795428	-3.276550318e-31
	-9.672796514	2.785011003e-31	-9.401250991	4.868737193	5.483328363
	5.496455803	5.483866884	5.043658769	5.743392788	5.591603019
	5.444610826	2.842190779	1.462892604	4.768252613	4.744976809
	3.785568474	3.909934498	3.142158624	-3.770269661	-1.067063511
	1.347639591	-1.140155268	-4.283579931	-9.116388789	-4.769653348
	-3.570785701	-3.983246128e-31	2.892549818e-31	-9.402030936	-3.717282892
	-3.801182065	-4.125327809	-4.795453817	5.510795149	-0.6844688944
	4.969792333	-0.8339547207	1.646723516	1.454673772	5.117445633
	2.403000575	2.525372741	4.062931589	3.84215073	-3.725281397
	5.465614657	-9.681945211	-4.087070894e-31	2.905509518e-31	-3.446441547
	-9.25151261	-4.677341925	-5.036966358	5.581311719	5.669776934
	5.420864009	5.410737084	1.233446691	4.646170105	4.545172006
	5.283262978	3.949456107	3.29678024	3.183754902	4.097604357
	-3.163442964e-31	-9.647036673	2.729429617e-31	-9.006729743	1.232701105
	-1.020863355	-3.639309053	-0.930527864	1.078094368	-3.687375897
	-4.610827192	-3.888795938	-0.8875578558	1.55788033	-1.012389682
	3.758999049	4.890578528	2.839707104	3.172403099	1.449225462
	4.732707073	3.868555828	1.392405245	0.2637855152	-3.386553817
	-1.0633265	-1.050448981	4.078627886	5.196470346	4.467957099
	4.644716258	-3.521964969	-3.873576272e-31	-9.208001809	2.114745386e-31
	-4.509532136	-9.382057098	-4.671233754	5.124927772	5.250092675
	5.456151129	5.16763961	4.092731237	2.910867861	4.889260575
	4.586956907	4.331503115	2.821825425	5.107108469	3.991613916
	3.931804232	1.050811433	2.581316455	2.760734912	0.8568555204
	-3.760030537e-31	2.009744577e-31	-8.994644954	-3.901737508	-0.8749662585
	-4.63297644	-8.754179368	-3.505204492	-3.495191874	-0.9359305579
	1.369374694	2.981510682	2.228310237	0.1842242533	4.280129002
	3.300129522	2.253948507	-1.029087498	-1.089180103	1.107106405
	-3.420471466	4.167922905	4.820606907	5.187327667	4.817747492
	-4.562392735	-8.69870212	-4.727436525	2.553801021e-31	-4.360851723e-31
	-8.626250678	-3.243089969	3.808237496	5.295083698	5.145119917
	4.804862277	5.147801089	5.281291738	5.196268826	4.856986672
	4.688874496	5.26184299	4.683309039	0.7214979838	2.537765469
	3.787837208	2.382046161	0.6048874275	-3.53641019	-3.444247098
	-0.6733164963	-0.7347072791	-3.680067288e-31	1.769432607e-31	-8.33688297
	-8.646531064	-4.093186292	-4.536411829	-3.395490267	1.00201082
	1.047942749	2.705762709	4.101009965	2.923482642	-0.9956317359
	-1.011623387	4.786841188	5.20892472	3.926089847	4.84585058
	2.238725357e-31	-9.278451411	-2.997092604e-31	-8.277630025	-4.492761676
	-3.3502799	-3.734799469	-3.327134854	3.735718694	5.191476877
	4.691868034	5.387660987	5.418672842	5.218400979	4.659515842
	5.254028011	0.569816888	2.197398294	3.692105756	2.260278501
	0.5231573278	-0.7655260666	-0.7544410386	-3.347734538	-3.398198284
	-3.97497795	-8.302893667	-3.450537715e-31	-8.197126363	-4.234955974
	1.96933458e-31	5.197016886	0.8560174987	-0.9216175059	3.853079057
	-0.8065287144	2.67492701	2.485847922	0.7618248171	4.662033859
	4.716915628	3.775756463	-8.287616004	-3.696417786e-31	1.859081525e-31
	-8.321656931	-0.8195955436	-3.30272853	-3.310386372	-0.9768690859
	-4.341682454	-4.004838918	0.7365731751	5.161614023	4.584600127
	4.636118636	3.616137707	5.33560777	5.179747532	5.125540244
	5.388466354	2.150595445	2.127234391	3.565487063	0.5409396461
	0.5278140703	-0.5339694068	-0.9351687955	-3.559476751	-3.510132554
	-7.801140696	1.814571571e-31	-4.069373233	-8.0321595	-3.371460207e-31
	-4.350357234	5.144724893	4.556343362	3.615516678	4.622606793
	0.6999272988	2.271107001	2.377664087	3.72466822	-3.341614052e-31
	-8.087868141	1.805613488e-31	-3.350181145	-4.011008324	-4.295811135
	-7.950623988	-0.9119484339	0.6258768568	-3.353970394	-0.5540563169
	5.10232451	4.488466439	5.271513819	5.109047821	3.501803914
	4.538720236	5.30473457	5.068806946	2.103643297	2.091440865
	0.4869918174	3.46349021	0.4815413977	-3.346495712	-1.252617827
	0.4460337517	-1.34133941	-4.385354722	-7.189157223	-3.364591963
	-4.134119125	-7.728579094	1.190042065e-31	-3.727510046e-31	5.073854889
	3.562772179	2.160303007	3.511146582	4.516164755	0.6470055512
	2.18519824	4.450512024	3.435510881	-3.812076573e-31	1.691793204e-31
	-7.742692814	-7.282618695	-3.263584502	-3.130945637	-4.204216827
	0.58800379	-1.144542799	-1.267222551	-4.030728433	5.032371469
	5.03153849	5.238514443	5.206048028	4.989424419	3.432335682
	4.440224486	4.364892394	2.048973311	2.044990545	1.30096492
	3.406122296	-3.35861858	1.292556695	-0.7576041165	0.5490831739
	-0.4163581324	-1.691561494	-1.46569517	-3.221066145	-3.239654936e-31
	-7.345197094	-3.162185838	-3.668929527	-7.508723824	1.851770008e-31
	4.985183673	4.344548749	3.934242872	4.395573377	-3.117722134e-31
	-7.458795331	1.729381416e-31	-7.711004371	0.632901071	2.105848011
	2.793861712	3.40938751	3.892314202	2.099022108	2.826336538
	-3.157927504	-1.740763825	-3.158336067	-3.457118574	0.7047378802
	-1.46710818	-3.162275236	-7.44904071	-2.508009479e-31	1.282633732e-31
	5.124641029	4.936222555	5.142783821	4.938055271	4.32049478
	3.375980103	4.288432523	4.917293813	2.121542873	2.02825808
	0.4398543897	3.334025391	-1.588423565	0.155786495	-1.510580805
	-3.161456568	-2.527929145e-31	-7.554472786	1.462088507e-31	-4.254680934
	-7.025971419	-3.238610978	-4.036133459	4.291625764	3.38514497
	4.895869325	4.295068779	-7.116227733	-3.442454649	-3.108425473
	-3.01556351	-3.801272607	3.36622624	0.3692581684	2.223883666
	0.6679615483	2.098102307	-1.610208164	-1.519615644	-3.086272715e-31
	1.442980728e-31	-7.185281319	-7.169786786	3.323093943	5.089092511
	5.082557082	4.876342183	4.878862117	4.270854915	4.277193693
	4.879001027	3.330535661	-0.1823282091	2.162833479	2.395660748
	-1.15731455	-3.280421288	-0.07950396435	-1.329073933	-3.387684723e-31
	1.496663912e-31	-7.020808848	-6.323104446	-3.464718305	-3.854706618
	-3.738697188	3.324698459	4.313620825	4.289391081	4.87181658
	-3.604610788	-3.315990306	-3.539662751	-2.908584256	0.1392678152
	-1.400075237	3.300320778	2.325724196	-1.026274218	2.410815353
	0.112374267	-3.151039259	-3.270451833e-31	-2.921528528	-2.981729174
	1.91337669e-31	-7.297261252	-6.687800632	-2.750050078	3.339579306
	4.266867219	4.251920988	5.10802779	4.87867455	5.093396822
	4.877651831	4.899246757	-7.054922855	-7.15936222	-2.832340703e-31
	1.814546221e-31	3.383464201	-0.3257760064	1.890923805	-1.18533124
	1.601347558	-0.1159118939	-2.447456383	-3.766229159	-3.479789985
	-2.589527888	-1.530001982	3.341589015	-2.420010569e-31	-7.072405804
	2.098648107e-31	4.888837519	4.272489932	3.344773899	4.312578214
	-7.04831835	-0.2235724729	-1.030430778	1.953117206	-0.9601671137
	-0.137671479	2.388381256	3.303626006	3.334770811	-1.928748945
	-3.009871786	0.06220633139	-1.207804308	-2.709715261	-3.317870889
	-2.549169058	4.918289432	4.939286736	4.323626449	4.252841133
	4.908875497	5.139389472	5.118938334	-2.927237958	2.248005367e-31
	-2.882622117e-31	-7.092447146	-2.946234848	-2.750848863	-2.341437976
	-7.132758419	3.244161867	-0.1584185814	1.346066795	-0.06724459857
	1.346223552	-2.244614859	-2.83713004	5.000238308	4.377700829
	4.407087376	3.216996235	2.102497121e-31	-7.019829936	-2.869603805e-31
	-7.026585943	4.979718084	4.311470178	4.399233583	3.942683761
	-3.018127098	-1.856205798	-3.687477037	-2.052442249	0.02226086348
	1.379073259	1.498619774	2.601550091	3.343356446	2.355632425
	3.930516381	-0.2395729737	-2.314744922	-2.554339313	5.263615299
	5.035688505	5.225374449	5.024203295	-2.456701147e-31	-7.400391597
	2.393567594e-31	-2.756878908	-0.901865404	-2.42553883	-1.902952684
	-7.156924206	-2.282987343	-2.703246609	-3.371876353	1.664886095
	1.640421179	-0.9823933476	3.322465553	4.549121607	4.60522962
	3.318991351	5.130118815	1.878471056e-31	-3.376068197e-31	-7.198291582
	-6.94266179	-2.086839856	-2.219620083	-3.882623667	-3.960958855
	5.118070355	3.424800779	4.599852202	4.510735643	-2.038414729
	1.609660056	-1.04443139	3.283836344	-1.640410246	-0.9064783515
	1.728035826	5.203058954	5.243687869	5.417869255	5.355996862
	-2.969689088e-31	-6.971427208	1.778176949e-31	-7.18058306	-1.92447753
	-2.235477983	-3.480629009	-3.818997781	-2.494469882	-2.25424159
	-1.224392364	1.664623946	1.907253081	3.423773413	-1.270752242
	4.714360746	3.483624528	4.720431399	5.307444138	-1.045959152
	-6.983727914	-7.212336229	2.463605436e-31	-3.079245993e-31	-0.9991698019
	-1.735355115	-3.811979286	-3.680930095	-1.664258741	-2.383708847
	-2.551978072	5.356419265	4.67218991	3.365155278	3.354866403
	1.722201896	1.989668768	4.735117068	5.283870764	5.336448762
	5.488048471	5.526441141	3.455882388	-3.019765135e-31	-7.349272238
	2.454812522e-31	-7.178570501	-2.662287327	-2.786426343	-4.387880021
	-4.139169076	-1.380740429	-1.961020031	-1.165699301	-1.786582955
	5.570204682	5.372292735	3.413841875	3.086489681	1.206551647
	2.06284288	4.707605034	5.104941763	4.06784437	2.290617754e-31
	-7.406273592	-2.493518521e-31	-7.224544766	2.355833625	-0.9764106844
	2.265588285	2.948345649	-3.739647941	-2.976164767	-1.822674239
	-2.76018107	-1.683616947	-4.189455769	-0.71109568	5.608878479
	5.58443072	3.456266213	5.636186125	4.721180316	5.400962626
	5.587927019	5.233689697	5.380243072	3.1702338	4.063833796
	5.619577548	4.002075966	4.622582916	3.687570043	-7.074714615
	-7.439230337	-4.511547692	2.299996765e-31	-3.730282153e-31	-2.888072641
	-4.370128329	2.916444127	-1.161760827	-2.118902143	-2.020249413
	-3.097875792	-1.140819199	0.4776983535	1.50397359	5.341460085
	3.2055872	3.516695223	5.553506038	5.012599586	4.61564676
	4.137783928	-2.967275302	1.862325402e-31	-4.4266225	-4.35140032
	-7.459711584	-3.677506426e-31	-7.100171398	-0.5026695493	2.41353003
	2.42082662	3.216546557	-1.89685165	-3.099089624	-0.279061367
	-1.872347355	5.324582592	3.280748534	3.767591181	5.632536614
	5.495882524	4.219594235	5.345552879	5.328809205	4.576287111
	4.630263536	4.19358714	3.790896477	-7.376736903	2.233288704e-31
	-2.546196459e-31	-3.275411099	-4.638333449	-3.259723219	-4.174486549
	-7.491338116	2.403372774	-0.2847900167	-1.942397047	-0.5488905958
	3.780892679	-1.938542515	2.457715853	4.993511729	4.673173726
	3.830637371	4.578216421	-7.466972409	-7.215570829	-3.361493318e-31
	2.478771474e-31	-3.110540066	-4.455394382	-3.017882637	-4.211221913
	2.420418479	2.328868803	-0.06698722908	-1.789732764	-1.70372897
	3.168098733	0.1030201044	5.052365188	5.252241653	5.455617474
	5.418487537	4.654526503	4.276352853	4.633367551	3.784369038
	3.124061275	4.227487092	5.26800403	-7.636141391	-7.523509286
	2.01658945e-31	-3.324272502e-31	-1.796039923	-3.368212466	-4.735441052
	-1.80585039	-3.439362411	-0.08718289161	-4.686954889	2.37896203
	0.01502277066	3.8528554	2.41744683	5.272023784	4.6699138
	4.65631586	3.787682265	2.221544414e-31	-2.629806732e-31	-7.942308381
	-7.534305584	3.669803381	-3.336806215	-4.242267247	-1.50737923
	-1.563975941	-4.356459173	-3.22357908	0.1195760718	3.532505838
	0.2794590875	2.791328536	2.654669671	5.229026903	4.691831876
	5.439707504	5.224403241	5.400826781	5.229555076	4.653670729
	-3.392298132	-4.692386611	-7.428737768	-4.827085422	-3.852277829e-31
	1.869404814e-31	-7.623470126	-3.481480998	-1.656891666	0.1025520063
	-1.728195783	2.517298405	0.1777127374	2.450983706	3.689561689
	4.691440192	4.762345525	5.19057721	3.562545245	-4.374743505
	1.770907356e-31	-7.580519589	-2.56299779e-31	-4.165024441	-3.739204707e-31
	-3.19400945	-7.474800868	1.718515984e-31	-7.266161246	5.20804239
	3.435006589	4.737322739	4.775465503	-1.459872286	-1.331033825
	-3.345674773	0.2776340688	0.2892531536	2.674318322	3.394758242
	2.571313365	5.348592289	5.170718156	5.169244489	5.307118757
	-4.370187725	-7.546948158	-4.472568232	-7.707179357	-3.354385831
	2.075762499e-31	-3.372131619e-31	3.399055349	2.675538666	0.2019076134
	0.1769901021	-1.502952861	-3.380847447	-1.637759275	2.705974888
	3.340305813	5.159764104	4.794239012	4.660064794	-3.321576358e-31
	1.652914211e-31	-7.324207712	-7.420991458	-4.478338025	-3.972392386
	-3.176873469	-7.442697675	-3.148830964	5.167097754	4.813943304
	3.314367479	4.697373771	3.339604174	-1.153521352	2.250677298
	0.351918212	-1.071675276	0.336511102	2.365694761	5.149156758
	5.281087626	5.262134526	5.160264714	-6.979150337	1.735976668e-31
	-7.405434054	-3.645481953e-31	-2.632788947e-31	-7.922468425	2.070532665e-31
	-3.339270067	-3.351388866	-4.360638291	-4.090898973	-7.535833948
	0.2987110643	0.2444059205	2.469124098	2.613811103	-1.222814482
	3.322969273	-1.413101661	3.398997153	4.268667872	4.440657387
	5.132121062	-4.494613063	-4.541649879	0.3684254087	-4.448168425
	-0.8799930778	-3.197179308	-3.151020311	-4.351922078	-3.062893766
	-0.9662922939	5.149985748	4.397586999	3.428265706	4.553574314
	3.539456213	0.3753025584	2.018603086	2.145226309	5.076010651
	5.23493312	4.997594641	5.319538641	-3.151807825	-3.980974049
	-7.209670941	-4.123371022	-3.052276475	1.622043065e-31	-3.115308848e-31
	-7.236230747	-3.261319907e-31	-7.545290064	1.688547005e-31	-1.093741553
	-3.412147273	0.2552733184	-1.093069042	-3.325481573	-4.42605467
	-4.20304709	-7.523749171	3.520614395	2.115895769	2.323435569
	0.2847868475	4.180149407	3.692035584	4.834852294	4.108553373
	0.3460124185	0.4569113967	-0.7650910678	-0.7283680778	4.244770373
	4.948186092	3.674738896	4.33529962	1.799480313	1.693596384
	3.685698644	4.842284089	4.965504851	5.126540759	4.786356605
	0.5349127302	0.6107565633	-3.051535164	-0.7981308049	-0.7411622212
	-3.004496667	-4.123688737	-7.314587282	-4.065139455	-3.160288982e-31
	-7.084407071	1.609662218e-31	-7.391759098	1.652925017e-31	-3.273290923e-31
	-7.444333645	3.673145096	-3.314091239	-3.294393984	-1.015935048
	-4.332836253	0.3238189138	-1.024501011	-4.19327452	0.3859371358
	1.756217052	1.866501256	4.281690853	4.197988861	3.652145071
	4.695587415	3.541686875	1.600159959	1.596041828	3.562051629
	4.379464616	4.476037094	4.756888028	3.670780147	3.415507793
	4.743789931	4.828900099	4.86681967	4.674762175	1.626001853
	1.767485598	2.498378892	0.6559693994	-2.899107881	0.7383403136
	-0.8104638935	-0.8039402487	1.575699879e-31	-3.903817103	-3.00267154e-31
	-3.871501302	-7.102573348	-7.278245857	-2.888860485	-2.376718844e-31
	1.416700208e-31	-6.932980621	-7.328791434	1.655168771e-31	-3.093056115e-31
	-7.28463481	2.620634066	-4.125936584	-3.255718579	-4.252701639
	-3.290896765	-0.9929782167	0.5023821853	1.737201912	1.668590304
	-0.9553434118	0.4521563813	4.676787687	4.318450241	2.499903589
	3.271992557	4.364179199	3.974933281	3.743002851	-6.835329892
	4.058938055	2.510796275	4.514008779	3.246014735	3.858419549
	4.451561971	4.700751314	4.680248625	4.735503422	4.82136484
	4.731758468	1.99073393	0.7916731214	3.138731601	1.945843209
	-2.913602869	0.7607459837	-3.874558679	-0.7531085295	-0.8204977734
	-3.511864577	-2.882101388	1.60855994e-31	-2.977231195e-31	-6.880167326
	3.099767022	-3.124923534e-31	1.818696409e-31	-7.308409198	-4.262116875
	-3.257150861	-7.185479928	-4.048493895	-3.301318294	-1.101757082
	1.864804637	0.6159611628	0.5821067219	-0.9691774399	2.532264945
	3.925205041	4.137606621	3.560994739	4.666083079	-6.810684134
	-3.892161043	-3.955220073	-2.852158818	-2.929988191	4.50575296
	4.153959792	4.69575951	4.2895528	3.114548044	4.827601703
	4.592558025	4.687496535	2.16768755	-0.8169004211	0.7991396323
	2.066627743	0.8013507586	3.138359956	-0.7177379557	-6.663164612
	-3.330967557e-31	-7.150460068	1.434116308e-31	3.0711106	3.500215952
	2.62612064	1.362421584	0.6520516245	-6.803064542	1.102131152e-31
	-3.120314164e-31	-1.133062659	-3.165800094	-4.218243155	-3.136492361
	-7.205727851	-4.062938111	-1.104193939	4.436376174	3.814713638
	3.880079692	3.065395125	-3.92040862	-3.791099258	-2.728793199
	-2.71299567	-2.670689966	4.40341652	-0.9525311287	-0.8449327715
	0.787718485	0.7722487614	4.504011773	3.152090037	4.601332176
	2.397398349	4.108276704	4.009377687	4.53386054	3.170687714
	2.271405408	4.397462679	-2.724828887	1.976726987e-31	1.695170546e-31
	-6.752619026	-3.565228435	-3.501033349	-7.383097861	-2.966079914e-31
	-6.554671114	-2.389629768e-31	-6.73451538	-2.663452632	3.077058273
	-3.113029299	2.116090525	2.147729452	0.6214335087	0.6631600929
	-1.2005484	-2.965135428	-1.169887302	-7.251496662	-4.277641958
	-2.989482016e-31	-4.283950885	1.814112556e-31	-7.089254157	4.327884515
	3.615086391	3.740807753	3.070372318	3.117637504	-0.95728283
	0.6995525201	0.7358149649	-0.8986917158	-0.9229909061	0.6700398462
	-0.9448763609	4.362091149	4.465904751	4.249702985	4.490027863
	2.470493194	3.266006447	2.469329107	3.379879369	4.33358434
	3.899209912	3.845014511	-6.845315364	-2.327273612e-31	-3.318666399e-31
	-6.988132437	1.575343879e-31	1.762665681e-31	-6.353762319	-2.577054977
	-2.695510693	-3.635852623	-3.460543918	-3.528363553	-3.390195345
	-2.449941129	-0.962487035	0.7057474926	0.6415466675	-0.9212608102
	1.454786059e-31	-2.824587664e-31	-6.634680625	-6.300176761	2.248259146
	0.5554649791	0.4997983953	0.4789190105	2.227395928	-1.126225771
	-3.050530207	-3.974275872	-2.958610928	-3.975542518	-6.701744598
	-1.208401159	-3.575137447e-31	-7.066785237	1.911015599e-31	3.22236522
	3.541825787	3.43786918	4.126198035	3.511671796	2.176716113
	2.245569962	2.225159495	3.497118024	2.38470232	3.646695
	4.339130579	3.782475646	3.895881804	3.958208947	4.180933028
	4.155053341	4.083338255	-2.851379858	-3.305596652	-2.581522912
	-2.590897652	0.675689038	-0.956116906	0.6617216174	-0.9511936323
	3.630882731	2.030051715	2.886310106	2.052774909	2.495380263e-32
	-2.992979686e-31	-5.653417454	-6.130432564	-6.632178223	-2.597270516
	-3.186253882	-2.645481652	-3.644102083	-3.096369954e-33	2.381133085e-32
	-5.709751987	-6.283909097	-2.492832317e-31	3.49402955	2.119295758
	0.4592080639	0.3883874808	2.034863154	-1.316202185	-3.005096775
	-2.990195874	-1.163663331	-3.434873509	1.865748906e-31	-2.432932479e-31
	-3.695859546	-6.905127613	-7.338700007	3.968447457	3.754511395
	3.945445742	3.497171544	3.99218557	4.06297631	4.08793778
	4.083386921	4.054073501	3.959518629	3.954811731	4.004397339
	-1.009768817	0.6281008689	0.6673522505	-0.9565147616	3.269165254
	2.128683401	2.176322227	3.883773024	2.693585908	3.494725968
	4.084413901	-2.62832005	-6.938030407	-6.97056548	-2.997613357e-31
	-4.269718754	3.032505557e-31	-2.770918103e-31	-5.615549637	-5.431164191
	-5.428552517	-3.257144446	-4.260500727	-6.485058006	-2.890000988
	-2.572478331	-3.636630721	-0.9988524499	-1.086463689	0.581536048
	0.6086704203	-7.493818631e-32	1.768948555e-31	-6.78998463	-3.025108233e-31
	-6.897903978	-5.936826776	-6.66254183	-2.744182202	-1.82711434
	-1.892473695	-5.751419536	-4.543228845	-2.51208316	-3.867109067
	-6.638969527	-3.778532763	-2.624547111	-4.481630388	-6.28935466
	3.465973901	1.820431924	0.3105126028	1.898855732	0.3428540955
	-1.32353849	-2.940980535	-1.361344533	-2.910753133	-3.629029721
	-6.954548642	1.598124664e-31	-6.935877025	-3.065158558e-31	-3.78333687
	3.390577817	4.051666922	4.094532003	4.035535444	3.238448182
	4.172915417	4.125002893	4.076780539	4.202438142	4.133389063
	4.16753371	4.000317771	3.271642903	2.198164972	3.283795997
	2.219539473	4.231402169	4.228712478	4.112872038	4.271792653
	3.278840231	-1.064687433	-1.867748427	-1.449766674	-0.9001285542
	-0.1332197681	-1.975091198	-2.414720143	0.5624297979	-1.440440422
	-1.612225356	-0.03742555079	3.215218348	1.495841504	3.262448463
	2.177785115	-4.009256045	-3.006573124	-3.194426144	-2.317260269
	-2.592799785	-1.535651828	-2.251808745	-1.15134107	0.234915058
	-1.923110868	-0.8044233722	-0.9314438926	0.7402486393	-1.348589538
	-0.8500339928	-2.715543491	-0.02183327622	0.2404934293	0.2901602515
	1.697726187	1.768814237	-1.407909285	-2.975593487	-2.957018581
	-1.445722942	-3.705609213	-6.927055182	-2.873925305e-31	1.783693607e-31
	-3.818980175	-6.910440129	0.2479606151	3.104938841	1.722592097
	1.742799956	0.2345483832	4.191234806	4.215255879	4.070834904
	3.057771066	4.116979896	4.247734076	4.143715019	4.088179961
	4.254437936	4.208412456	4.244389642	4.182409015	4.043377682
	4.27106727	1.526130607	4.256270554	3.927813653	4.308382897
	4.010135351	0.8085156912	2.990044921	2.747582746	3.119276183
	2.04024187	2.616814435	1.417855941	3.866645175	3.831637651
	4.232425488	-0.6629416163	-0.4250737946	0.6667240325	0.2707059556
	1.723934661	1.212695789	0.6788525735	2.606412787	2.46252105
	2.11615028	1.082745222	3.630680993	-2.958054971	-1.472075175
	-1.418443458	-2.890753743	1.275052683e-31	-6.543772385	-6.911486957
	-3.805087394	-3.647394769	-2.943245249e-31	-2.909889232	-2.846633404
	3.00652355	-1.506243909	-0.212898683	1.396355103	1.743654193
	-1.496375973	0.2097040359	2.411825322	3.990950973	4.271054467
	4.039116605	3.557591831	4.325720404	4.388584437	4.231850213
	4.36342887	-1.489125429	-0.2047113182	-1.53392634	-2.927697664
	3.727177245	4.186892229	3.699623058	4.295259126	4.565494273
	4.447117678	3.762551561	4.20165174	4.466386036	4.457930579
	4.342700944	2.041166688	2.570896086	3.349895573	3.012251651
	3.757105611	4.174487307	3.979492855	4.088812094	3.550692418
	3.314421432	4.444269647	4.501656054	4.605017211	4.660245115
	-3.824778213	-6.945051466	-6.941574822	1.9052236e-31	-3.763256567
	-2.843532791e-31	-3.746996478	-2.83888273	-3.529873263	-6.572019954
	-0.2199924004	2.469618086	1.42971247	3.548059003	2.996313918
	2.153867282	1.01287141	4.249061013	3.005462399	3.639008124
	4.014859803	4.502471219	4.228888171	4.403909417	3.999519916
	0.1640756355	-1.576007862	-1.838836032	-2.888890804	4.363886672
	4.136111329	4.63619091	4.662836092	4.388750721	4.596622959
	4.51825932	4.614146217	4.305975664	4.343873397	4.610838756
	4.391545716	4.611826629	4.671114234	4.638298801	4.112818097
	4.43461832	4.458075911	4.291018125	-7.184998963	2.021385462e-31
	-3.384561428e-31	-3.007289963	-2.923047635	-4.447421098	-7.242097106
	-0.08814327261	1.81718527	2.677348909	1.160813206	3.295974447
	3.177047547	2.157434184	3.961200656	3.755110397	3.680453254
	2.630605702	-0.8128920762	-2.442762673	-2.138803568	-3.262122931
	2.659311709	3.529815993	3.335393472	2.68308399	3.855622405
	3.912937365	4.064482873	4.665953742	4.584961587	4.597417579
	4.03612288	4.368723784	3.907509341	4.331701071	2.247167827
	2.56354043	3.20359145	3.503498985	-2.792022347e-31	6.269140259e-32
	-6.68241834	-4.985067936	-6.736516832	-5.422030384	-3.483251488
	0.9849402052	0.4322002649	1.502017129	-0.3224864866	-1.128711623
	0.3258731916	1.569691081	-1.856720419	-3.434382396	-2.590097315
	1.388055979	-0.03041980107	0.2149903517	1.104450626	4.247449573
	3.23764501	3.642839979	2.874100538	1.221140885	1.896124338
	2.409266672	-1.255957837	0.06991602446	-0.3734527519	0.8126980989
	-2.759628242e-31	1.023051405e-31	-7.156005227	-1.316867898	-6.919532073
	-4.076800362	-2.376555264	-1.098531111	-3.089504233	-3.20017986
	-1.538273001	-3.329349586	-4.661009979	1.860487642	0.3031740424
	0.6684415112	-1.941695021	-1.017545865	-0.6631837734	-2.241845453
	-3.972237984	-4.438319158	-3.540372502	-3.166336288	7.921202629e-32
	-6.772795549	-2.779547541e-31	-4.648112989	-5.632164603	-6.750707741
	-1.211980709	-3.958729264	-4.294417452	-3.654705785	-2.914241543
	-3.851205037	-5.39282556	-6.504286078	1.667353698e-32	-6.078319529
	-2.746969657e-31	-6.199604153	-3.85536787	-6.992448059	-2.977650642e-31
	-8.920091442e-32	1.701094248e-31	-6.804573763	
