2237	
	0.3083616469	3.848253741e-33	0.1597679545	-3.348227561e-31	3.917169125e-31
	-7.764291893e-33	-0.3589269253	-0.3030217511	-0.2829488442	-0.1687541361
	-0.223608014	-0.2207137143	0.1702857928	0.3013016454	0.3152275824
	0.297934425	0.3151053768	0.2281515115	0.291558941	0.263834491
	0.2841569537	0.2983675111	0.2597402839	0.2498745964	0.2900074736
	0.1373062112	0.3243984798	0.267228886	-9.424675813e-31	0.05663133032
	-3.046647028e-31	-0.4052107254	-0.3666498924	-0.3449794759	-0.4489892098
	-0.4462705817	-0.2628466636	1.02009651e-30	3.153215463e-31	-0.2307605686
	-0.3765499462	-0.384278534	-0.4264625413	-0.4306316667	-0.4343958915
	-0.3569603513	-0.4535140041	-0.3352487562	-0.4112358926	-0.3219231081
	-0.2729241764	-0.004943599988	0.04717422461	0.1232064999	0.06414495037
	-0.2040359203	-0.01893346929	-0.08825358542	-0.1395119801	-0.2605140904
	-0.1501946712	-0.08197169895	0.09302077233	0.1792885504	0.2887612853
	0.1479970693	0.2586030011	0.3089716653	0.2293543764	0.2694764146
	0.2954437088	0.05742929421	0.2265502225	0.3168871673	0.2525441553
	0.2551253379	-1.804687233e-30	-6.025514661e-31	0.2192569162	0.2581179496
	-0.02815071092	-0.2029084761	1.800910932e-30	6.301198547e-31	-0.4142722791
	-0.5103642682	-0.3636816038	-0.3819862211	-0.4305614647	-0.3118081182
	-0.4400735341	-0.3808298094	-0.1868405096	-0.3569237424	-0.2117332385
	-0.2075795984	-0.4584119378	-0.4399051599	-0.412004623	-0.4654227361
	-0.4045244879	-0.3158554887	-0.2771281759	-0.1921441165	0.03511468103
	0.001119606685	0.07712770645	-0.03328736597	-0.08022160769	-0.09977000305
	-0.1427510116	-0.1620238907	0.03645894161	0.08320502883	0.1585143985
	0.1232825717	0.2830984927	0.1936895381	0.2507505225	0.2112252986
	-2.640540226e-30	0.04355741893	-0.1382645811	-0.06182640587	-1.154717016e-30
	0.03316860516	0.2525313885	0.255939749	0.2657439618	0.2439986182
	0.2235766596	0.255586193	0.1398315323	-0.08119235675	2.607861536e-30
	1.104307806e-30	-0.07226610676	-0.4669573348	-0.3921125323	-0.3912967186
	-0.445482715	-0.2031838928	-0.3864790166	-0.3983930786	-0.4328359857
	-0.3479976986	-0.232859404	-0.4196869313	-0.4536022201	-0.4651865208
	-0.3776372917	-0.4313054423	-3.237501669e-30	0.07326632275	-1.51438996e-30
	0.1074208702	-0.09967826377	0.07409849496	-0.001576776424	-0.2974075282
	-0.2294051886	-0.1924226696	-0.2344005806	-0.1009424245	-0.0317459014
	-0.06999986435	-0.06649675108	-0.1366495384	-0.1452045346	-0.1709174164
	-0.1885033839	0.01906464935	0.1113295423	0.1213994415	0.1669608726
	0.168996401	-0.02776345632	0.2301363927	-0.08111685794	0.2666182798
	0.2212617511	0.2002467242	0.2024630426	0.04955579564	0.1529643902
	0.1903428232	0.3259054403	0.2016075531	0.2523866089	0.07164191911
	-0.02622386385	3.299600115e-30	1.466460602e-30	-0.2582286585	-0.240922279
	0.05516144247	-0.1372936576	-0.1381267128	-0.4336329457	-0.4305144251
	-0.3274900031	-0.4200403093	-0.3582920372	-0.3939935206	-0.3952138253
	-0.4012151579	-0.3305600961	-0.268344539	-0.3620408256	-3.872819404e-30
	0.2434517902	-1.737846498e-30	0.2359551174	0.0367800571	0.02767310084
	0.1641949521	0.06835857546	-0.06356735096	-0.04798094673	-0.04125294051
	-0.01138329008	-0.2184621834	-0.1813582394	-0.1495529426	-0.2554601872
	-0.06471756201	-0.1025423473	-0.1052447228	0.1818015064	0.1343369535
	0.1141515661	0.08942326776	0.2302111309	0.1270649737	0.1315243055
	0.1459162943	0.1882513907	0.2223747982	-0.007531866956	0.03843741591
	0.01790133441	-0.02783819264	0.02802819573	4.025669033e-30	0.03264297719
	1.810554618e-30	-0.2083954848	-0.2360286455	-0.04013070154	-0.2890157254
	-0.3672813659	-0.1521768728	-0.2969953267	-0.2397310281	-0.2930492597
	-0.3576717739	-0.3398147411	-0.3103219748	-0.3420980512	-0.2926954804
	-0.2319605358	4.729024199e-30	0.06058995325	2.231465149e-30	0.0727753485
	-4.536620078e-30	-2.095247753e-30	0.04278311564	0.06524861948	0.1418446087
	0.0907559241	0.1152406409	0.2080014786	0.1424914002	0.179338468
	0.132869923	0.1226786142	-0.05917624468	-0.06223248649	-0.1061358078
	-0.1246579584	-0.1349208572	-0.08714160462	-0.1059572939	0.06138077659
	0.01609848317	-0.1142214744	-0.01822821927	0.0112039392	0.04972952607
	-0.02804257956	0.0252517524	-0.2006749325	-0.0320502906	-0.1748793487
	-0.1510339613	-0.1169725495	-0.1633064236	-0.2518731239	-0.254787078
	-0.2890574528	-0.2244544176	-0.2449264582	-0.2863562686	-0.2733337697
	-0.2502151458	5.344569651e-30	2.513053297e-30	-0.03690440961	-0.02161588999
	-0.115337753	-0.1956279621	-0.1265464824	-0.1169919385	0.164428675
	0.07319850731	-0.0326875871	0.07147141882	-2.398051473e-30	-5.126457322e-30
	-0.04525241373	0.116106301	0.1137951997	0.1236433852	0.1580758775
	0.1205544264	0.03389470293	0.02794567194	0.06717136953	0.0629022079
	-0.1239920953	-0.1334942996	-0.1112624242	-0.1323294438	0.01952606566
	-0.07580825458	0.03744212098	-0.1986402488	-0.2339706145	-0.217337341
	-0.2195707017	-0.1899324084	-0.195843994	-0.1150788361	-0.213620228
	-0.1956355902	-0.2009013501	-0.2233990915	-0.1820979349	5.972532267e-30
	2.81497564e-30	-0.04768447606	-0.05591941043	-0.211604962	-0.1713949993
	-0.1271236742	-0.1539415253	-0.1714006113	-0.1646484514	-0.2213295286
	-5.767194869e-30	0.0953310384	-2.741650327e-30	0.04839966777	0.08231846797
	0.1247861459	0.07664397809	0.08895505505	0.1375316261	0.1595177316
	0.1165867052	0.09779029262	0.1257728347	0.09788471584	0.06952931925
	-0.0008137773576	-0.1023299171	-0.0630146968	-0.0100779583	-0.02038008722
	-0.08604809246	-0.09937047496	-0.03103857415	-0.1827019541	-0.07067214461
	-0.1771316353	-0.1147903296	-0.2126339813	-0.05134223953	-0.1814979668
	-0.1466876993	0.1507808711	-0.1705236975	-0.1040837103	-0.176888022
	-0.1789927498	-0.04078061984	3.141490757e-30	-0.06609513293	6.636724961e-30
	-0.1657515963	-0.1271047823	-0.1292556591	-0.1626376773	-0.1954217836
	-0.1797934252	-0.1948372103	0.1747529872	-2.995860836e-30	0.07119831962
	-6.445536498e-30	0.1788546874	0.2309871774	0.1805282104	0.1605083095
	0.1404331592	0.1987880938	0.1121071509	0.1480108851	0.1575999744
	-0.05229723144	0.0008429080393	-0.03865111036	-0.110667282	-0.07609474999
	-0.04248158246	-0.06696103817	-0.03715681725	-0.03347679225	-0.05299972507
	-0.09216349703	-0.04010436358	0.007871932022	-0.06559651549	-0.07400722749
	0.02789736628	0.07569570554	0.2175421052	0.1482241572	0.1167505106
	0.207686401	-0.09897354411	-0.20422072	-0.09259267372	-0.08419300651
	3.478944921e-30	7.32020987e-30	-0.1491553458	-0.1347263861	-0.200886478
	-0.199313745	-0.2024693201	-0.1639687059	-0.1717588688	-0.1571086863
	-0.1272505715	-0.1737310199	3.81129128e-30	-0.08352410534	8.054670539e-30
	-0.08066071723	0.1898492725	0.2483119553	0.2375656789	0.2333879031
	0.05442273782	-7.179361614e-30	-3.406128503e-30	0.2391933311	0.1235852577
	0.1179768835	0.01844522392	-0.03675708109	-0.1685451335	-0.3559086442
	0.1323049305	0.04223403661	0.1555893233	-0.3063683528	-0.07634575048
	0.2778827769	-0.2084063357	0.3045152583	0.1199496981	0.3118471577
	0.2307786412	0.2442261563	0.293433899	0.3487224163	0.1907528369
	-0.08746604738	-0.296043354	-0.178793525	-0.2612157075	-0.2069936692
	-0.1670016236	-0.2777730551	-0.2393241553	-0.1896026282	-0.2826853085
	-0.1799134667	-0.1965878334	-0.224231513	-0.2647824505	-0.247088058
	-0.230736802	-0.3339776437	4.212886338e-30	-0.05437530871	-0.07186214637
	-0.3288409483	-0.117685234	8.817979874e-30	-0.1464970602	4.578489358e-30
	9.639262655e-30	0.01189897572	0.2243834951	0.2923983296	0.2417754405
	0.2626859795	-3.74178909e-30	0.2087612123	0.0922026086	-0.01273869431
	-7.870167754e-30	0.04429492876	0.1147018132	-0.03987659993	0.02997047829
	0.08432289432	0.0155382842	0.2947805601	0.1475631072	0.1720303128
	0.1513671275	0.3343907144	0.322705461	0.4967141832	0.4244838027
	-0.1003029216	-0.308137639	-0.1160605725	-0.3812161916	-0.3238774043
	-0.3399088664	-0.3223655188	-0.3353180767	-0.3017086531	-0.3069716713
	-0.08711407743	-0.2576238675	-0.2666821045	-0.2728480496	-0.3283645445
	-0.02484661749	-0.2462323565	-0.3666189863	-0.3268917345	-0.3681091966
	-0.06621812215	-0.04890258466	-0.2267529272	-0.1254987378	-0.05061027223
	1.045620008e-29	5.042920735e-30	0.4630278256	0.3411364661	0.3781393267
	0.2870362073	0.1877990874	0.09336283694	-8.664279571e-30	-4.12849766e-30
	0.06157886945	0.2169865097	0.1216007552	0.2062968679	-0.1106646788
	0.02595258357	-0.02273777702	0.1999031388	0.409953193	0.2843553623
	0.5362736209	0.262554237	0.5505490995	0.3463519599	0.488164822
	-0.4055708128	-0.310120685	-0.1486629191	-0.3920379824	-0.2172252742
	-0.1065272118	-0.3471522293	-0.3953286886	-0.3751735329	-0.4007647309
	-0.4288620683	-0.3987558938	-0.0884437907	-0.2977457917	-0.2998570207
	-0.3305949427	-0.2538541452	-0.2234463476	-0.05222182865	-0.009501982249
	-0.1492349646	-0.008547783654	-0.04968300596	5.401589084e-30	-0.03455650216
	1.11692531e-29	-9.523394193e-30	0.143039507	-4.509223287e-30	0.1552877599
	0.6286773042	0.6666732635	0.4908710063	0.6137513561	0.3647653436
	0.4380056569	0.2933989221	0.2779431828	0.4901586711	0.2799309551
	0.5396555236	0.07993915568	0.07320056057	-0.1167753765	0.3560475888
	0.5048286227	0.3952865388	0.5722117151	0.6882548999	-0.07572676094
	-0.2377387831	-0.3928774103	-0.2932511881	-0.3945652584	-0.3903568894
	-0.3494218869	-0.105448003	-0.2847466956	-0.356841496	-0.2183548313
	-0.1233599531	-0.2360169459	-0.115343714	-0.3672274045	0.001215449207
	-0.01390825706	0.006196806671	-0.05554792898	5.750631883e-30	0.02979766989
	1.183156312e-29	0.4398692586	0.07376253201	0.2912198542	-4.975774826e-30
	-1.041431144e-29	0.1517293174	0.1920397804	0.4201390181	0.5259104858
	0.7413203589	0.4357032838	0.4645863326	0.6993658204	0.4042512513
	0.701978871	0.268613881	0.4565048194	0.1353728198	0.09513062664
	-0.09454122807	0.5795333406	0.4025085497	0.5027823931	0.6425243361
	-0.1378342769	-0.1718880991	-0.3238221467	-0.04877276069	-0.07022027797
	0.002266869808	-0.0288701567	0.0341959347	-0.07309418903	-0.0002643607374
	-0.1530750962	-0.2177380813	-0.04248653323	-0.05629624482	-0.1301137849
	1.248369956e-29	-0.02204286627	-0.04292837667	-0.05132030783	6.084780045e-30
	-1.128451604e-29	-0.06349261406	-5.386817746e-30	0.2095712581	0.2945581501
	0.3788933911	0.2011625987	0.2089566044	0.1049315246	0.1054389018
	0.007353164614	0.3927233601	0.2931856816	0.1402514524	0.5475392531
	0.1388810364	0.1166351087	0.3027535488	6.374415557e-30	-0.06401865975
	1.312861967e-29	-0.09908004809	0.1034557961	0.3685786907	0.1017609262
	0.1351807774	-0.0396028017	0.3591212892	0.185927542	0.2282846354
	-0.108808341	-0.09895135796	-0.1059677994	-0.007548792817	-0.007827703663
	0.01658163736	0.05520540938	-0.07117332726	0.06871836119	0.08214105293
	-0.06061125612	0.09867982202	0.05227584052	-0.01641978842	0.1029806459
	-0.1341509587	-0.1481879615	-0.1585327541	-0.1553599706	-5.863896405e-30
	0.03802748203	0.1289668461	-1.209459281e-29	-0.123541292	0.1330488986
	0.1608628227	0.2171322999	0.2155175761	0.04545414944	0.2049781827
	0.1474314966	0.06884621855	-0.06020875778	0.1022705689	6.725828133e-30
	-0.06733180126	1.371415498e-29	0.02668026211	-0.1552851378	-0.1176192439
	-0.03411742297	-0.0796847699	-0.2832441478	0.07162764156	-0.0003759005694
	-0.003194036609	0.05669419499	0.01154447703	0.07946179015	0.01652203243
	-0.1788306483	-0.02729236402	0.03768365252	-0.07442325364	-0.08096226233
	-0.045554641	0.04194231395	0.1381872055	0.0972324153	0.06465893455
	0.1042186134	0.04353335933	-0.1371589099	-0.09357717366	-0.09532449301
	-0.1357409561	-0.2813859586	-0.02406614872	0.155455485	0.2131484121
	0.1311064588	-6.20706761e-30	-0.02145077006	-1.276092251e-29	0.2365105825
	0.1795730772	-0.06449769003	-0.1148541844	0.1671074317	0.1082703694
	0.1218298487	6.980557651e-30	0.08795754811	1.415493088e-29	0.09474330129
	0.006293922622	-0.1137101549	0.02186218811	-0.1455257965	0.1321988537
	0.1093694258	-0.07432495695	-0.2182684689	-0.006969429825	0.1870336565
	-0.1219495106	0.05282532857	-0.06888720404	-0.1026863433	-0.03997342751
	-0.08366561842	-0.1045054402	-0.06439314866	-0.06714993559	-0.09189182186
	-0.001238424307	0.1306143423	0.07900207644	0.04467294246	0.06649483904
	0.08637646011	-0.0111368518	0.0277061356	0.0505675834	0.1138349952
	0.3184006561	0.1109997343	-0.1808696317	0.3027988115	-0.1060220024
	0.2869926244	-6.532844537e-30	0.09123787749	-1.340029432e-29	0.008061323426
	0.0003360069679	0.1165204395	0.1617629826	-0.006413783509	0.1063920526
	0.1192619782	7.170585155e-30	1.440927894e-29	0.1767005574	0.1491363486
	0.2532344821	0.2988894392	0.1613817289	0.2360607585	0.2686805761
	0.08761608917	0.09679687949	-0.08240174378	-0.006001183906	-0.02341035975
	0.1581694721	-0.1303588507	-0.0420179948	-0.0865586064	0.03384813646
	0.09313354882	-0.03423162922	-0.008866740228	-0.0472330504	-0.06210115662
	-0.04812702661	0.08175481685	-0.006530378188	-0.06854041192	0.1338828627
	-0.0349608656	0.0415861637	-1.393684886e-29	-6.865486613e-30	-0.05839106418
	-0.2757923567	0.1985001219	0.2756182344	-0.164302432	0.05150409423
	0.1647431492	-0.269256815	-0.3970683328	0.1124900653	-0.06168840474
	0.1394430073	-0.03923652186	0.07228824762	-0.05137734484	0.02537156065
	7.283067542e-30	0.09898427769	1.457432363e-29	0.1327271966	0.1879631511
	0.2260129202	0.1887966126	0.4803397499	0.3792523843	0.4903016674
	0.3891482585	0.5470134596	0.2463302299	-0.04661160981	0.4583877462
	0.3301959816	-0.03313186655	-0.03185436567	-0.03003859771	-0.01083481807
	-0.02986490523	0.0268086719	0.1129678485	-0.006271563192	0.1247646335
	0.03777548275	0.1608300275	-0.06361596443	-7.078024286e-30	-1.429722976e-29
	-0.149854042	0.1386770054	-0.4236709289	-0.02670449029	-0.4714721063
	-0.01393620921	-0.4849533579	-0.4817437796	-0.2017626411	-0.1162400692
	-0.2313117012	-0.06656701097	-0.08360416353	-0.08375313689	0.05412438334
	-0.3053936687	0.424054231	7.331780535e-30	0.1836399464	0.02719685912
	1.470961727e-29	0.02543344545	0.1673923307	0.3464271979	0.676696529
	0.7726435369	0.4673618578	0.5559477042	0.6793473948	0.516012903
	0.8302827805	0.8609684259	-0.217528715	-0.493264282	0.03850810499
	0.1307121702	0.3403791516	0.2561130579	-0.03278647035	-0.5095272049
	-0.1205680585	-0.06575493446	-0.09562146559	-0.49939857	-0.1386604471
	0.1629978852	-0.04338861074	0.1931931334	-1.445623876e-29	-7.213642168e-30
	-0.1907695909	-0.4227154068	-0.5293097116	-0.6847099663	-0.7974579528
	-0.5498759531	-0.4632791983	-0.4272680783	-0.6786152288	-0.2205103925
	-0.1435192796	-0.186668989	0.3320025633	0.002681993481	0.0522251752
	0.1352657488	1.491370915e-29	7.410473483e-30	0.1333764275	0.2603113728
	0.8324617516	0.4008971607	0.1792948529	0.6682702785	0.2555547928
	-0.03700285159	0.09336758362	0.4078822846	0.3491080558	0.1850130786
	0.4476547406	0.4450382054	-0.5836355721	-0.2807684105	-0.3415008311
	-1.118584999	-0.6168918901	-0.2334917118	-0.4155586458	-0.4346588513
	0.1488036255	-0.1375122723	-0.3353672964	0.01847014191	-0.1735376575
	0.1978793289	0.04595116826	-0.1704504278	-7.260139265e-30	-1.451015648e-29
	-1.036342016	-0.1703104218	-0.6135993167	-0.6620213576	-0.2038544126
	-0.7399177601	-0.6096925292	-0.1414430388	0.1446687643	0.1188715835
	0.2145498401	0.03000771782	1.522953369e-29	0.008586476712	7.535293302e-30
	0.3323705249	0.4153701596	0.06955153157	-0.07817536656	-0.08421737157
	0.1500067436	0.162056972	0.2585469375	0.2006574331	0.1542766424
	0.09219004772	0.07318615695	0.07538318808	0.1423075457	0.09114397581
	0.09942583151	-0.9966482481	-0.4005110936	-0.6184846461	-0.4261140667
	-0.3320170647	-0.3762809008	-0.5913180369	-0.3900132046	-0.1678923846
	-0.1512136837	-0.353758796	-1.459678084e-29	-0.07585814831	-7.296730667e-30
	-0.7919927144	-0.745603786	-0.144763079	-0.04216960739	-0.7772622576
	-0.5473700472	-0.4663867306	-0.1485045861	0.09652541258	-0.07217717397
	0.3414181381	0.1135698277	-0.08129791957	1.56788352e-29	7.730284519e-30
	-0.08637989287	-0.5212094569	-0.05165927557	-0.1545626778	0.06667809843
	-0.09782054425	0.09325170488	0.1635399148	0.1912408993	0.04594713745
	0.01771449498	0.05563449893	0.03809986656	-0.2603622896	-0.06377102771
	-0.08074453351	-0.1899081916	-0.5367202246	-0.4033623878	-0.3154357837
	-0.3263508817	-0.3784122745	-0.5744409336	-0.2610677568	0.02557918854
	-1.48186825e-29	-7.352202631e-30	0.03469906758	-0.3401774311	-0.8175301657
	-0.2840112979	-0.5553191533	-0.1872153639	-0.1602674998	-0.1450489183
	-0.02302504479	7.930432e-30	-0.08406420084	1.623694992e-29	-0.3530228667
	-0.06564806906	0.04592954022	0.1058146546	-0.2615335954	-0.2704665198
	-0.00450128294	-0.3011777386	0.2180438482	-0.03018092914	0.0833530262
	-0.1354233103	-0.03132199799	0.02723571782	-0.03522433898	-0.02280923967
	0.04177909434	-0.0239583772	-0.08380797173	-0.2878949937	-0.04868230913
	-0.1572151371	-0.111095017	-0.1648547779	-0.09190211605	-0.2032002131
	-0.1369427147	0.01205822189	-0.1335337655	-0.2309555112	-0.1382632669
	-0.09649332461	-1.518477211e-29	-7.495804249e-30	0.0210393062	0.01626209272
	-0.1580447875	-0.3679909869	0.06364155018	-0.03987878981	0.1147925203
	0.07012637909	-0.2841183131	8.289494506e-30	-0.1351249922	-0.01951848829
	0.01339421539	1.689369523e-29	0.03875594891	0.02078691374	-0.1636454167
	-0.2707744273	-0.3391789357	-0.01238270374	-0.09694751229	-0.06714395727
	-0.0682776451	-0.08879724323	-0.2065511033	0.007260212868	-0.03255542203
	-0.03383691771	-0.04989646814	-0.001900070152	0.02512721747	-0.003624260195
	-0.02074115264	-0.04263226139	-0.007624587732	0.009272576452	-0.03101642214
	-0.03546730434	-0.03399238439	-0.08923425028	0.07844695339	0.08247045291
	-0.01094303848	0.03879041415	0.1069098717	-1.562228632e-29	-0.1713320191
	0.01835213613	-0.1415503663	0.01416444818	-7.701317878e-30	-0.09178057645
	0.189928809	0.06499141457	0.173742137	8.610415777e-30	-0.1060008802
	0.0297399881	0.07794253113	0.08426093018	-0.02793069752	1.759757958e-29
	-0.3487826483	-0.0469048931	-0.4005887902	-0.1294559578	8.991736889e-30
	1.840641753e-29	-0.01210959341	-0.04107279575	-0.2267365287	-0.2339327737
	-0.1017493875	-0.2200450068	-0.07379754618	-0.0297595919	-0.02566370676
	-0.07268945737	-0.06048919315	0.003771116447	0.02269459208	-0.006174976104
	0.02403087173	0.03086696563	0.08906408239	0.06660817315	0.0453345757
	0.1088982987	0.09899157783	0.09097770234	-0.06939935551	-0.03445117391
	0.1366366043	-0.1229676383	0.1956528565	0.1216668682	0.1210345205
	0.3008944867	0.02781631183	-1.61624044e-29	-7.934885396e-30	0.01897838359
	0.2568829802	-0.0007264128677	9.380658033e-30	-0.06153889526	1.926681924e-29
	-0.1190109101	-0.135980214	-0.215291305	-0.2107975268	-0.3094740494
	-0.3628933107	-0.3062335642	-0.3588390909	-0.3398922724	-0.414786337
	-0.4459496629	-0.2011239803	-0.3739362587	-0.257854518	-0.2050879495
	-0.2886481263	-0.04195902815	-0.09175858853	-0.05717324552	-0.09931420566
	0.008277740961	0.04983159694	0.002690512549	0.06764623171	0.2312238513
	0.1273277847	0.1134171802	0.111461136	0.1162065497	0.1265739762
	0.1637290677	0.1687646594	0.01295558481	0.4183705437	0.3827918936
	-0.01514535779	-8.241041256e-30	0.009821931149	-1.686049254e-29	-0.09578082164
	0.1232257815	0.02051921906	9.843622692e-30	-0.06758981789	2.020489824e-29
	-0.03527552744	-0.06834868857	-0.3398044163	-0.2086100126	-0.3588394241
	-0.342381793	-0.3815973578	-0.0570803971	-0.2422096604	-0.1131182087
	-0.1167880853	-0.3700935558	-0.3118615911	-0.3862738915	-0.3018519972
	-0.2509484887	-0.4485124559	-0.3478519471	0.0673071506	-0.003111968862
	0.005256351214	0.07265744331	0.1856629534	0.1163098484	0.2199429018
	0.1195610279	0.1546888118	0.2630629664	0.216913259	0.289108902
	0.346361792	0.2849450472	0.2096137091	0.3467551878	0.03986252541
	0.2540619137	-8.604808354e-30	0.06951170056	-1.762449022e-29	0.2312165155
	2.10952325e-29	0.0002188929406	-0.05346196723	1.030914574e-29	-0.3299011967
	-0.3028143178	-0.3803975192	-0.3926253162	0.05153079741	-0.06518575983
	-0.007802199089	-0.008614122139	0.0553043315	-0.431995718	-0.434724666
	-0.2900988176	-0.3070241652	-0.4405656429	-0.2913094061	-0.4415588157
	-0.09240680436	-0.1107309664	-0.08743268755	-0.2345294137	-0.3104138485
	-0.2208792703	-0.2956479092	0.1197158756	0.2079160127	0.1217928319
	0.2017808986	0.2918460597	0.3388607836	0.246896599	0.2051311216
	0.4157310383	0.3399005767	0.3226626519	0.2695056232	0.1465749993
	-0.04579764666	0.2144404251	-1.841709424e-29	0.01723874541	-8.997033529e-30
	0.01762980453	0.008798369171	2.195009966e-29	1.074430393e-29	-0.296226082
	-0.2499514555	-0.1484566386	-0.3138453651	-0.3987544155	-0.3260354947
	-0.329813282	-0.3019787487	0.07321877451	0.2015712328	0.09655834836
	0.144249525	0.1021569815	-0.004098363532	0.07177731302	-0.1018355907
	-0.003404518079	-0.2754310643	-0.1637728166	-0.1347390929	-0.2489254954
	-0.2136089052	-0.09256801319	-0.2276873954	0.232003304	0.2026412101
	0.2552389295	0.1894957773	0.2214011981	0.07900729215	0.3391044873
	0.1344094574	0.126707125	0.03571990756	0.3637949458	0.1146437753
	0.0573354758	-1.921991975e-29	-9.411830886e-30	1.118640802e-29	2.281340216e-29
	-0.04883925906	-0.01053716002	-0.1423137245	-0.3643912414	-0.1432644889
	-0.3093637218	1.160318482e-29	2.363828781e-29	-0.1269188244	-0.1251361346
	-0.3153550512	-0.2025626537	-0.3099316779	-0.261051114	-0.2448484587
	-0.1846103725	-0.1332404721	-0.2353817991	0.1980953534	0.1141970227
	0.1966800124	0.2288002713	0.1842235602	0.1342913719	0.08743023406
	0.1661742088	-0.05150402354	0.009470671519	-0.05488093049	-0.02549777027
	0.01139979972	0.1040319654	-0.1139865264	0.1399016195	0.2640533831
	0.4867823301	0.3722892705	0.2896777517	0.3451841024	0.3011329794
	0.2192843235	0.08627136944	0.2906764597	-9.799489724e-30	0.3614211373
	-2.000581027e-29	0.1607119405	-0.1993615686	-0.4150555616	-0.1684636584
	-0.2754224379	-0.2998602056	-0.2224979313	-0.4196125738	-0.152766892
	1.198452813e-29	-0.1012323892	2.446883655e-29	-0.4266824111	-0.1427161191
	-0.3884263933	-0.1706243115	-0.1645131104	-0.1914833515	-0.09555064534
	-0.2154603831	-0.02537449746	-0.00189945326	0.006245384927	0.08145062538
	0.2831961161	0.3887214135	0.2949995399	0.2362558142	0.1924180187
	0.09727466947	0.1129272834	0.03467100336	0.0359547695	0.2892048269
	0.1809775354	0.4021435053	0.07845776096	0.293177477	0.5116764121
	0.3335183136	0.5462052657	0.4286563299	0.4993178991	0.1242090761
	-2.090854223e-29	-1.018120819e-29	-0.02788354418	-0.2039214596	-0.05655904316
	-0.2460917379	-0.1577541443	-0.2115606026	-0.316319401	-0.2948610354
	-0.2466588804	1.243337397e-29	2.537407331e-29	-0.06851688124	-0.2829917096
	-0.3992220029	-0.02662904571	-0.3344691786	0.05788014199	-0.01910341621
	-0.05817754571	-0.06161532644	0.192127107	0.06375443226	0.05468470014
	0.1121103875	0.127264843	0.3011066817	0.4471345103	0.3294674706
	0.3059379611	0.1310357774	0.1152326958	0.3166667804	0.4479894315
	0.3946363635	0.4467255039	0.4215494763	0.4262272667	-0.0005043990896
	0.3111300815	0.3472793159	0.296344743	-1.066476042e-29	-0.03021095286
	-2.189405239e-29	-0.03127353998	-0.1334450398	-0.09099033572	-0.110553177
	0.01246472479	-0.2063777553	-0.342962244	-0.0716771231	-0.1913183137
	-0.0278315273	-0.2115861962	-0.2031704032	-0.2671162878	-0.2877764121
	-0.3341301364	1.287587992e-29	-0.2889972837	-0.3372656205	-0.2781451714
	-0.08027164955	0.01011071268	2.623589108e-29	0.08098355427	0.05839059676
	0.2121184178	0.1597657033	0.2403402644	0.08296702602	0.2432091815
	0.1590540879	0.01487673265	0.3483535898	0.3439869048	0.3027883774
	0.2411245777	0.2993304422	0.430927563	0.3945816327	0.4439566339
	0.4228988571	0.3437208867	0.3756127377	0.3349922564	0.06224192358
	0.2710213129	0.3489114176	0.4241446471	0.06374823793	-1.119556421e-29
	-2.28871848e-29	0.1154123226	0.08800939096	0.01610669315	0.04588503889
	-0.03761687638	0.1215988015	0.06674747741	0.03471527864	0.05722354688
	0.2008280746	-0.1809738291	0.1064529072	-0.3013766306	-0.09620126259
	-0.2847515329	-0.06073278941	-0.1780396779	-0.2544562039	-0.208166307
	-0.2531100404	-0.1875816409	-0.01367033867	-0.1659389451	-0.2674118777
	0.04020843216	2.701436305e-29	0.09198222461	1.331581336e-29	-0.2647985764
	-0.1569769405	-0.1495095858	0.3487216161	0.3019588013	0.2350038084
	0.2618472095	0.1384284509	0.3377686331	0.287952784	0.4470193669
	0.3755755861	0.4400302888	0.2481563642	0.3157664357	0.04193846828
	0.5076037389	0.2732687403	0.488847239	-1.16556236e-29	0.09131569338
	-2.385091364e-29	0.0054006485	0.3119529209	-0.07778088128	0.05591740589
	0.04936156065	0.01595133638	-0.04485155457	0.04458572613	-0.08326022399
	0.1911716041	-0.09645976945	0.03146645162	2.815567223e-29	1.370633656e-29
	0.0544029985	0.00383443756	2.767156314e-29	0.05465083978	1.397200913e-29
	0.09183292532	-0.1179169664	-0.1941098294	0.0658352311	-0.0472260217
	-0.06498572228	-0.1405472938	-0.05683826387	-0.09469013647	0.02335969935
	-0.1800134528	0.007066142915	-0.0001264531631	-0.1860962582	-0.05121705843
	2.858991669e-29	1.429785623e-29	1.418291614e-29	2.846377179e-29	0.2080915192
	0.1715735575	0.1912679858	0.1370276253	0.3598232644	0.3779286218
	0.2127297512	0.1243203892	0.2649124027	0.352028451	0.3936591819
	0.2250329656	0.2646237052	0.05523468785	0.07998173757	-2.477928871e-29
	-1.214187392e-29	0.1203984255	0.4710125903	0.1551658317	0.2217475302
	0.4077155453	0.1818883533	1.432206913e-29	0.2743758746	0.3581569486
	2.847933221e-29	0.3332720694	0.08743122231	-0.05743790644	-0.2295204759
	0.1117321249	-0.1475309144	-0.1594518477	-0.09091553798	0.01963367447
	0.1064899648	0.004894629657	-0.1457676039	-0.1613834662	-0.04829477904
	-0.005539137695	-0.1735595169	-0.19163727	0.01560023111	-0.2218292177
	0.02803808668	0.1028067363	-0.06046511377	0.1580788903	-0.07202191332
	-0.08119992097	0.2632741449	0.1610299355	0.01747495836	0.01945072384
	0.4364527498	0.3460077642	0.140656451	0.08801031975	0.3989192224
	0.468271013	-0.002528274722	0.2443478214	0.07345093418	-2.558621561e-29
	-1.259056927e-29	0.1662493481	0.2298825559	0.3763045387	0.2667685599
	0.1276866419	0.120859946	0.1647130513	0.3690706504	0.255805563
	0.3028350939	0.05653153864	0.1739157842	0.168735277	0.2741989703
	0.1249838422	1.418559013e-29	2.780442765e-29	0.4331826321	0.2692447079
	0.601338715	0.4597075993	0.6013110924	0.7787388935	0.6429472097
	0.9544044529	0.5053095055	0.7618049582	1.365207818e-29	2.654195286e-29
	0.5266264798	0.5533543936	0.673814987	0.4553317123	2.523411081e-29
	1.29754089e-29	0.1444529336	0.1020400921	-0.04477819492	-0.1020808286
	0.03388080287	0.01587888441	0.02884154559	-0.03861330838	0.1061681332
	0.4146078921	0.0127350616	0.02291379236	-0.1519032504	0.09967554005
	0.3798515665	0.08303888386	0.0103579133	0.221884069	0.0385853228
	0.3315505622	0.2843187312	0.1854366001	0.2478970099	0.228709614
	0.2170287163	0.2836092732	0.4423136436	0.5478833964	0.6857760282
	0.3889656461	0.5297224228	0.6507742241	0.4396605752	-1.296041037e-29
	-0.04348084014	-2.631926714e-29	0.1303747753	-0.02783211329	0.1637784909
	0.2076247658	0.2893628632	0.2169328847	0.2392273653	0.05535376643
	0.007770038637	0.08583330989	0.0454857803	6.200292355e-30	2.465373332e-29
	-8.75776234e-32	1.247652261e-29	0.5492311627	0.7477342391	0.2729099139
	0.8333720191	0.6770369201	1.97309408	1.390142015	1.003039453
	0.7806143665	0.6331223855	1.045955032	1.334850306	1.507078806
	0.9625440885	1.244902521	1.061166105	1.996918323	2.582819587
	1.310900933	2.451672317	2.284404754	1.346181487	0.4436142772
	0.3002289849	-0.02037785125	0.01177112881	0.08856442512	-0.4074085155
	0.024899246	-0.337353596	0.1166129967	-0.08267172791	0.01275151696
	-0.4074102471	-0.2151951805	-0.02251760504	0.003582602593	-0.04013408982
	-0.1729314169	0.8807456662	0.3688692888	0.6381497216	0.3941278418
	0.8291606675	0.3427708726	0.7634739477	0.7828263076	-0.005649785678
	-1.331296356e-29	-2.697539232e-29	-0.006676442995	0.186137527	0.1315231203
	-0.02854405611	0.02932376391	-0.01276490715	0.01770443516	-0.01288250145
	-0.05118485624	1.012966875e-31	1.852468409	9.322039402e-32	3.426372627
	3.284201138	3.716697913	2.264453974	1.284210229	1.237597993
	0.9576468222	1.189177027	2.031937075	2.249583071	2.577875726
	2.755443749	1.914539124	2.045823833	2.560158344	3.693537127
	3.566044308	3.284769645	3.278698765	-0.03422842108	-0.0318494376
	0.1844473454	0.09657458594	-0.009758092647	-0.1075643282	0.02505947195
	-0.03373457229	-0.1068894061	-0.04904821866	-0.3301940668	-0.3258531263
	-0.3758160658	-0.2480072494	-0.5304422351	-0.3399295438	-0.1448360406
	-0.3847231038	0.1200844489	0.695896361	0.4106904115	0.6105061469
	1.403025361	1.343139086	0.6574582441	0.6245927851	0.2480430331
	0.1097093917	-1.364071074e-29	-0.02352992571	-0.05282531812	-2.751628724e-29
	0.1014809814	0.1064593414	-0.06202268541	-0.08721987427	0.09338222495
	-0.01395760905	-0.07096394504	-0.2109374391	-0.1406435552	1.874464028e-31
	-6.643487289e-32	3.182324677	4.105653366	3.708660663	1.711647331
	2.697504655	1.574469353	1.888042023	1.357294852	0.7889123726
	3.087312906	3.433167061	2.571453068	3.474470073	2.109003004
	2.830611739	2.581569267	0.9634955443	-0.1343372149	-0.1555396757
	-0.3144559003	-0.08588058688	-0.3799419103	-0.07160100498	-0.450269894
	-0.3127741548	-0.03225102356	-0.2048716424	-0.2519612878	-0.44175343
	0.6796802065	0.1447342567	0.5091925952	0.07179620767	0.4781132153
	0.5500889982	0.04382547361	-0.535463561	-0.5418020743	-0.2492678975
	-0.03733292974	-1.387551728e-29	-0.1074370445	-2.798992962e-29	0.03933964898
	-0.2116587323	-0.1177139603	0.08781811278	-0.2465639936	-0.05483195034
	-0.2530037297	1.56195045e-31	1.621308514e-32	1.090392298	1.587041718
	0.942050033	1.413121874	1.792594451	1.650686783	1.237283789
	1.837307386	1.393571658	1.63399699	1.302056017	0.9832717753
	0.02266837285	-0.1357584762	-0.420372816	-0.01884294847	-0.04907601905
	-0.3953483666	-0.3073982435	-0.8699185375	-0.2568248018	-0.29726354
	-0.2652949936	-0.4254205748	-0.7660253485	-0.777391792	-0.4094546523
	-0.4611151075	-0.6164585415	-0.1456647128	-0.277121797	-0.5013911897
	-0.9893712	-1.107379249	-0.9953205554	-0.6855915478	-0.1611126253
	-2.837231531e-29	-1.411654015e-29	-0.1731855356	0.02050431049	-0.07476367191
	-0.3048662649	5.844431861e-32	0.474932709	-4.306076247e-33	0.484299416
	-0.07295473616	0.7292017912	0.01268646523	0.1572226652	0.2056273583
	0.01467665057	-0.2222818722	-1.079021186	-1.260920713	-0.474817613
	-1.134019565	-1.571105127	-1.515704835	-1.791590367	-0.8584518861
	-0.750872437	-0.7453698637	-0.5208195884	-0.544681632	-0.5976964856
	-0.4858245162	-0.3775198542	-0.9792890948	-0.9007002606	-1.57761984
	-1.326733169	-1.071632612	-0.8490811035	-1.110583579	-2.857396692e-29
	-0.2258448076	-1.428333584e-29	-0.2246822208	-0.4346131981	-0.1454138174
	-0.2899943506	-3.127714728e-34	2.486270794e-33	-0.1466289578	-0.7249400476
	-0.5266059827	-1.457679567	-1.457483465	-2.299939741	-1.564940433
	-2.56818352	-1.354724281	-1.847656544	-1.944755488	-2.415911613
	-2.553888833	-0.6945675741	-1.09376107	-0.7409879146	-0.7242801519
	-0.6246380369	-0.5847684164	-0.5848987876	-1.514509286	-1.848803118
	-1.155978154	-2.851521515e-29	-0.3202898076	-1.432485914e-29	-1.054980866
	-0.320185471	-0.3892166659	-0.7118577321	-6.045714565e-32	-0.9150034465
	-1.035635138e-32	-1.64766556	-2.564175262	-2.75521055	-1.150054742
	-3.046917261	-3.430472058	-3.841755868	-3.552280809	-2.436290682
	-1.368850443	-1.147256063	-1.722228744	-2.582226382	-2.049067739
	-2.352778796	-1.421052819e-29	-2.782508109e-29	-0.3874871049	-0.8107860301
	-0.5310485285	-0.7434575298	-1.434680543e-31	5.611887805e-32	-1.770531149
	-3.641899247	-3.649052136	-2.795303536	-3.760911966	-2.086484873
	-2.432998739	-2.406003901	-3.377659263	-0.9696174476	-1.365142292e-29
	-0.5265702224	-1.318669154	-0.642315951	-2.655333845e-29	-2.024911826e-31
	-2.952006728	-3.428588497	-9.660698185e-32	-2.24793994	-2.260713603
	-1.282921761	-1.280401295	-0.3113068279	0.02211617818	-1.297711716e-29
	-2.522360785e-29	-1.50424773e-31	-0.5570671564	-1.238420477e-29	-6.147825508e-30
	-2.45480671e-29	7.428535656e-32	
