0
2.89059e-05
3.08637e-05
3.13081e-05
3.14791e-05
3.15662e-05
3.16205e-05
3.16605e-05
3.16947e-05
3.17278e-05
3.17641e-05
3.18105e-05
3.18806e-05
3.20175e-05
3.24461e-05
4.07142e-05
4.27181e-05
4.31166e-05
4.33237e-05
4.34866e-05
4.36596e-05
4.39204e-05
4.45685e-05
5.63097e-05
5.79789e-05
5.82726e-05
5.84002e-05
5.84797e-05
5.85424e-05
5.86005e-05
5.86643e-05
5.87489e-05
5.88939e-05
5.92804e-05
6.33093e-05
6.57856e-05
6.61447e-05
6.63042e-05
6.6411e-05
6.6503e-05
6.66015e-05
9.55622e-05
9.7521e-05
9.79653e-05
9.81349e-05
9.82212e-05
9.82752e-05
9.83151e-05
9.83492e-05
9.83823e-05
9.84188e-05
9.84653e-05
9.85358e-05
9.86732e-05
9.91072e-05
0.000107859
0.000109813
0.000110204
0.000110408
0.000110569
0.000110742
0.000140096
0.000142075
0.000142524
0.000142695
0.000142782
0.000142836
0.000142876
0.00014291
0.000142944
0.00014298
0.000143027
0.000143097
0.000143233
0.000143659
0.000151575
0.000153657
0.000154059
0.000154267
0.00015443
0.000154604
0.000184047
0.000186033
0.000186482
0.000186652
0.000186739
0.000186793
0.000186833
0.000186868
0.000186901
0.000186937
0.000186984
0.000187055
0.000187191
0.000187616
0.000195587
0.000197599
0.000197996
0.000198203
0.000198365
0.000198538
0.000227699
0.000229668
0.000230114
0.000230284
0.00023037
0.000230424
0.000230464
0.000230499
0.000230532
0.000230568
0.000230615
0.000230686
0.000230823
0.000231254
0.000239817
0.000241775
0.000242165
0.000242369
0.000242531
0.000242704
0.000271534
0.000273481
0.000273923
0.000274092
0.000274178
0.000274232
0.000274272
0.000274306
0.000274339
0.000274376
0.000274423
0.000274494
0.000274634
0.000275076
0.000284846
0.000286668
0.000287046
0.000287245
0.000287404
0.000287573
0.000316508
0.000318462
0.000318906
0.000319075
0.000319161
0.000319215
0.000319255
0.000319289
0.000319322
0.000319359
0.000319405
0.000319476
0.000319613
0.00032004
0.000328386
0.000330364
0.000330756
0.000330961
0.000331123
0.000331297
0.000360121
0.000362068
0.00036251
0.000362679
0.000362765
0.000362818
0.000362858
0.000362893
0.000362926
0.000362962
0.000363009
0.000363079
0.000363216
0.000363646
0.000372316
0.000374248
0.000374634
0.000374837
0.000374998
0.000375171
0.000403855
0.000405793
0.000406233
0.000406401
0.000406486
0.000406539
0.000406579
0.000406613
0.000406646
0.000406682
0.000406729
0.000406799
0.000406937
0.000407376
0.000417058
0.000418886
0.000419264
0.000419463
0.000419622
0.000419793
